0.200000	-0.00
0.200000	-0.00
0.205000	-0.00
0.205000	-0.00
0.210000	-0.00
0.210000	-0.00
0.214000	285.71
0.214000	285.71
0.214000	285.71
0.215000	285.71
0.215000	285.71
0.219000	421.05
0.219000	421.05
0.220000	421.05
0.220000	421.05
0.221813	421.05
0.224000	500.00
0.224000	500.00
0.225000	500.00
0.225000	500.00
0.229000	551.72
0.229000	551.72
0.229625	551.72
0.230000	551.72
0.230000	551.72
0.231813	628.67
0.234000	705.88
0.234000	705.88
0.235000	705.88
0.235000	705.88
0.237438	705.88
0.239000	717.95
0.239000	717.95
0.239625	807.57
0.240000	807.57
0.240000	807.57
0.244000	818.18
0.244000	818.18
0.245000	818.18
0.245000	818.18
0.245250	818.18
0.247438	843.21
0.249000	897.96
0.249000	897.96
0.250000	897.96
0.250000	897.96
0.253063	897.96
0.254000	888.89
0.254000	888.89
0.255000	888.89
0.255000	888.89
0.255250	941.18
0.259000	949.15
0.259000	949.15
0.260000	949.15
0.260000	949.15
0.260875	949.15
0.263063	951.43
0.264000	1000.00
0.264000	1000.00
0.265000	1000.00
0.265000	1000.00
0.268688	1000.00
0.269000	985.51
0.269000	985.51
0.270000	985.51
0.270000	985.51
0.270875	1015.87
0.274000	1027.03
0.274000	1027.03
0.274000	1027.03
0.275000	1027.03
0.275000	1027.03
0.276500	1027.03
0.278688	1016.67
0.279000	1063.29
0.279000	1063.29
0.280000	1063.29
0.280000	1063.29
0.284000	1047.62
0.284000	1047.62
0.284000	1047.62
0.284313	1047.62
0.285000	1047.62
0.285000	1047.62
0.286500	1063.58
0.289000	1078.65
0.289000	1078.65
0.290000	1078.65
0.290000	1078.65
0.292125	1078.65
0.294000	1063.83
0.294000	1063.83
0.294313	1102.71
0.295000	1102.71
0.295000	1102.71
0.299000	1090.91
0.299000	1090.91
0.299000	1090.91
0.299938	1090.91
0.300000	1090.91
0.300000	1090.91
0.302125	1096.70
0.304000	1115.38
0.304000	1115.38
0.305000	1115.38
0.305000	1115.38
0.307750	1115.38
0.309000	1100.92
0.309000	1100.92
0.309938	1127.91
0.310000	1127.91
0.310000	1127.91
0.314000	1122.81
0.314000	1122.81
0.314000	1122.81
0.315000	1122.81
0.315000	1122.81
0.315563	1122.81
0.317750	1121.02
0.319000	1142.86
0.319000	1142.86
0.320000	1142.86
0.320000	1142.86
0.323375	1142.86
0.324000	1129.03
0.324000	1129.03
0.325000	1129.03
0.325000	1129.03
0.325563	1146.83
0.329000	1147.29
0.329000	1147.29
0.329000	1147.29
0.330000	1147.29
0.330000	1147.29
0.331188	1147.29
0.333375	1139.64
0.334000	1164.18
0.334000	1164.18
0.335000	1164.18
0.335000	1164.18
0.339000	1164.18
0.339000	1151.08
0.339000	1151.08
0.340000	1151.08
0.340000	1151.08
0.341188	1161.57
0.344000	1166.67
0.344000	1166.67
0.344000	1166.67
0.345000	1166.67
0.345000	1166.67
0.346813	1166.67
0.349000	1154.36
0.349000	1181.21
0.349000	1181.21
0.350000	1181.21
0.350000	1181.21
0.354000	1168.83
0.354000	1168.83
0.354000	1168.83
0.354625	1168.83
0.355000	1168.83
0.355000	1168.83
0.356813	1173.37
0.359000	1182.39
0.359000	1182.39
0.360000	1182.39
0.360000	1182.39
0.362438	1182.39
0.364000	1170.73
0.364000	1170.73
0.364625	1190.58
0.365000	1190.58
0.365000	1190.58
0.369000	1183.43
0.369000	1183.43
0.369000	1183.43
0.370000	1183.43
0.370000	1183.43
0.370250	1183.43
0.372438	1183.03
0.374000	1195.40
0.374000	1195.40
0.375000	1195.40
0.375000	1195.40
0.378063	1195.40
0.379000	1184.36
0.379000	1184.36
0.380000	1184.36
0.380000	1184.36
0.380250	1198.34
0.384000	1195.65
0.384000	1195.65
0.384000	1195.65
0.385000	1195.65
0.385000	1195.65
0.385875	1195.65
0.388063	1191.09
0.389000	1206.35
0.389000	1206.35
0.390000	1206.35
0.390000	1206.35
0.393688	1206.35
0.394000	1195.88
0.394000	1195.88
0.395000	1195.88
0.395000	1195.88
0.395875	1204.85
0.399000	1206.03
0.399000	1206.03
0.399000	1206.03
0.400000	1206.03
0.400000	1206.03
0.401500	1206.03
0.403688	1197.91
0.404000	1215.69
0.404000	1215.69
0.405000	1215.69
0.405000	1215.69
0.409000	1205.74
0.409000	1205.74
0.409000	1205.74
0.409313	1205.74
0.410000	1205.74
0.410000	1205.74
0.411500	1210.40
0.414000	1214.95
0.414000	1214.95
0.415000	1214.95
0.415000	1214.95
0.417125	1214.95
0.419000	1205.48
0.419000	1205.48
0.419313	1222.00
0.420000	1222.00
0.420000	1222.00
0.424000	1214.29
0.424000	1214.29
0.424000	1214.29
0.424938	1214.29
0.425000	1214.29
0.425000	1214.29
0.427125	1215.19
0.429000	1222.71
0.429000	1222.71
0.430000	1222.71
0.430000	1222.71
0.432750	1222.71
0.434000	1213.68
0.434000	1213.68
0.434938	1225.86
0.435000	1225.86
0.435000	1225.86
0.439000	1221.76
0.439000	1221.76
0.439000	1221.76
0.440000	1221.76
0.440000	1221.76
0.440563	1221.76
0.442750	1219.36
0.444000	1229.51
0.444000	1229.51
0.445000	1229.51
0.445000	1229.51
0.448375	1229.51
0.449000	1220.88
0.449000	1220.88
0.450000	1220.88
0.450000	1220.88
0.450563	1229.23
0.454000	1228.35
0.454000	1228.35
0.454000	1228.35
0.455000	1228.35
0.455000	1228.35
0.456188	1228.35
0.458375	1223.03
0.459000	1235.52
0.459000	1235.52
0.460000	1235.52
0.460000	1235.52
0.464000	1235.52
0.464000	1227.27
0.464000	1227.27
0.465000	1227.27
0.465000	1227.27
0.466188	1232.21
0.469000	1234.20
0.469000	1234.20
0.469000	1234.20
0.470000	1234.20
0.470000	1234.20
0.471813	1234.20
0.474000	1226.28
0.474000	1240.88
0.474000	1240.88
0.475000	1240.88
0.475000	1240.88
0.479000	1232.97
0.479000	1232.97
0.479000	1232.97
0.479625	1232.97
0.480000	1232.97
0.480000	1232.97
0.481813	1234.86
0.484000	1239.44
0.484000	1239.44
0.485000	1239.44
0.485000	1239.44
0.487438	1239.44
0.489000	1231.83
0.489000	1231.83
0.489625	1242.99
0.490000	1242.99
0.490000	1242.99
0.494000	1238.10
0.494000	1238.10
0.494000	1238.10
0.495000	1238.10
0.495000	1238.10
0.495250	1238.10
0.497438	1237.23
0.499000	1244.15
0.499000	1244.15
0.500000	1244.15
0.500000	1244.15
0.503062	1244.15
0.504000	1236.84
0.504000	1236.84
0.505000	1236.84
0.505000	1236.84
0.505250	1244.88
0.509000	1242.72
0.509000	1242.72
0.509000	1242.72
0.510000	1242.72
0.510000	1242.72
0.510875	1242.72
0.513063	1239.37
0.514000	1248.41
0.514000	1248.41
0.515000	1248.41
0.515000	1248.41
0.518687	1248.41
0.519000	1241.38
0.519000	1241.38
0.520000	1241.38
0.520000	1241.38
0.520875	1246.59
0.524000	1246.91
0.524000	1246.91
0.524000	1246.91
0.525000	1246.91
0.525000	1246.91
0.526500	1246.91
0.528688	1241.30
0.529000	1252.28
0.529000	1252.28
0.530000	1252.28
0.530000	1252.28
0.534000	1245.51
0.534000	1245.51
0.534000	1245.51
0.534313	1245.51
0.535000	1245.51
0.535000	1245.51
0.536500	1248.14
0.539000	1250.74
0.539000	1250.74
0.540000	1250.74
0.540000	1250.74
0.542125	1250.74
0.544000	1244.19
0.544000	1244.19
0.544313	1254.67
0.545000	1254.67
0.545000	1254.67
0.549000	1249.28
0.549000	1249.28
0.549000	1249.28
0.549938	1249.28
0.550000	1249.28
0.550000	1249.28
0.552125	1249.56
0.554000	1254.24
0.554000	1254.24
0.555000	1254.24
0.555000	1254.24
0.557750	1254.24
0.559000	1247.91
0.559000	1247.91
0.559938	1255.77
0.560000	1255.77
0.560000	1255.77
0.564000	1252.75
0.564000	1252.75
0.564000	1252.75
0.565000	1252.75
0.565000	1252.75
0.565563	1252.75
0.567750	1250.85
0.569000	1257.45
0.569000	1257.45
0.570000	1257.45
0.570000	1257.45
0.573375	1257.45
0.574000	1251.34
0.574000	1251.34
0.575000	1251.34
0.575000	1251.34
0.575563	1256.78
0.579000	1255.94
0.579000	1255.94
0.579000	1255.94
0.580000	1255.94
0.580000	1255.94
0.581188	1255.94
0.583375	1252.04
0.584000	1260.42
0.584000	1260.42
0.585000	1260.42
0.585000	1260.42
0.589000	1260.42
0.589000	1254.50
0.589000	1254.50
0.590000	1254.50
0.590000	1254.50
0.591188	1257.71
0.594000	1258.88
0.594000	1258.88
0.594000	1258.88
0.595000	1258.88
0.595000	1258.88
0.596813	1258.88
0.599000	1253.13
0.599000	1263.16
0.599000	1263.16
0.600000	1263.16
0.600000	1263.16
0.604000	1257.43
0.604000	1257.43
0.604000	1257.43
0.604625	1257.43
0.605000	1257.43
0.605000	1257.43
0.606813	1258.56
0.609000	1261.61
0.609000	1261.61
0.610000	1261.61
0.610000	1261.61
0.612438	1261.61
0.614000	1256.04
0.614000	1256.04
0.614625	1263.79
0.615000	1263.79
0.615000	1263.79
0.619000	1260.14
0.619000	1260.14
0.619000	1260.14
0.620000	1260.14
0.620000	1260.14
0.620250	1260.14
0.622438	1259.36
0.624000	1264.15
0.624000	1264.15
0.625000	1264.15
0.625000	1264.15
0.628063	1264.15
0.629000	1258.74
0.629000	1258.74
0.630000	1258.74
0.630000	1258.74
0.630250	1264.38
0.634000	1262.67
0.634000	1262.67
0.634000	1262.67
0.635000	1262.67
0.635000	1262.67
0.635875	1262.67
0.638063	1260.09
0.639000	1266.51
0.639000	1266.51
0.640000	1266.51
0.640000	1266.51
0.643688	1266.51
0.644000	1261.26
0.644000	1261.26
0.645000	1261.26
0.645000	1261.26
0.645875	1264.93
0.649000	1265.03
0.649000	1265.03
0.649000	1265.03
0.650000	1265.03
0.650000	1265.03
0.651500	1265.03
0.653688	1260.78
0.654000	1268.72
0.654000	1268.72
0.655000	1268.72
0.655000	1268.72
0.659000	1263.62
0.659000	1263.62
0.659000	1263.62
0.659313	1263.62
0.660000	1263.62
0.660000	1263.62
0.661500	1265.44
0.664000	1267.24
0.664000	1267.24
0.665000	1267.24
0.665000	1267.24
0.667125	1267.24
0.669000	1262.26
0.669000	1262.26
0.669313	1269.94
0.670000	1269.94
0.670000	1269.94
0.674000	1265.82
0.674000	1265.82
0.674000	1265.82
0.674938	1265.82
0.675000	1265.82
0.675000	1265.82
0.677125	1265.92
0.679000	1269.31
0.679000	1269.31
0.680000	1269.31
0.680000	1269.31
0.682750	1269.31
0.684000	1264.46
0.684000	1264.46
0.684938	1270.27
0.685000	1270.27
0.685000	1270.27
0.689000	1267.89
0.689000	1267.89
0.689000	1267.89
0.690000	1267.89
0.690000	1267.89
0.690563	1267.89
0.692750	1266.36
0.694000	1271.26
0.694000	1271.26
0.695000	1271.26
0.695000	1271.26
0.698375	1271.26
0.699000	1266.53
0.699000	1266.53
0.700000	1266.53
0.700000	1266.53
0.700563	1270.57
0.704000	1269.84
0.704000	1269.84
0.704000	1269.84
0.705000	1269.84
0.705000	1269.84
0.706188	1269.84
0.708375	1266.78
0.709000	1273.08
0.709000	1273.08
0.710000	1273.08
0.710000	1273.08
0.714000	1273.08
0.714000	1268.48
0.714000	1268.48
0.715000	1268.48
0.715000	1268.48
0.716188	1270.85
0.719000	1271.68
0.719000	1271.68
0.719000	1271.68
0.720000	1271.68
0.720000	1271.68
0.721813	1271.68
0.724000	1267.18
0.724000	1274.81
0.724000	1274.81
0.725000	1274.81
0.725000	1274.81
0.729000	1270.32
0.729000	1270.32
0.729000	1270.32
0.729625	1270.32
0.730000	1270.32
0.730000	1270.32
0.731813	1271.12
0.734000	1273.41
0.734000	1273.41
0.735000	1273.41
0.735000	1273.41
0.737438	1273.41
0.739000	1269.02
0.739000	1269.02
0.739625	1274.96
0.740000	1274.96
0.740000	1274.96
0.744000	1272.06
0.744000	1272.06
0.744000	1272.06
0.745000	1272.06
0.745000	1272.06
0.745250	1272.06
0.747438	1271.38
0.749000	1275.05
0.749000	1275.05
0.750000	1275.05
0.750000	1275.05
0.753063	1275.05
0.754000	1270.76
0.754000	1270.76
0.755000	1270.76
0.755000	1270.76
0.755250	1275.10
0.759000	1273.70
0.759000	1273.70
0.759000	1273.70
0.760000	1273.70
0.760000	1273.70
0.760875	1273.70
0.763063	1271.62
0.764000	1276.60
0.764000	1276.60
0.765000	1276.60
0.765000	1276.60
0.768688	1276.60
0.769000	1272.41
0.769000	1272.41
0.770000	1272.41
0.770000	1272.41
0.770875	1275.24
0.774000	1275.26
0.774000	1275.26
0.774000	1275.26
0.775000	1275.26
0.775000	1275.26
0.776500	1275.26
0.778688	1271.84
0.779000	1278.07
0.779000	1278.07
0.780000	1278.07
0.780000	1278.07
0.784000	1273.97
0.784000	1273.97
0.784000	1273.97
0.784313	1273.97
0.785000	1273.97
0.785000	1273.97
0.786500	1275.36
0.789000	1276.74
0.789000	1276.74
0.790000	1276.74
0.790000	1276.74
0.792125	1276.74
0.794000	1272.73
0.794000	1272.73
0.794313	1278.79
0.795000	1278.79
0.795000	1278.79
0.799000	1275.46
0.799000	1275.46
0.799000	1275.46
0.799938	1275.46
0.800000	1275.46
0.800000	1275.46
0.802125	1275.48
0.804000	1278.15
0.804000	1278.15
0.805000	1278.15
0.805000	1278.15
0.807750	1278.15
0.809000	1274.22
0.809000	1274.22
0.809938	1278.82
0.810000	1278.82
0.810000	1278.82
0.814000	1276.87
0.814000	1276.87
0.814000	1276.87
0.815000	1276.87
0.815000	1276.87
0.815563	1276.87
0.817750	1275.60
0.819000	1279.48
0.819000	1279.48
0.820000	1279.48
0.820000	1279.48
0.823375	1279.48
0.824000	1275.64
0.824000	1275.64
0.825000	1275.64
0.825000	1275.64
0.825563	1278.85
0.829000	1278.22
0.829000	1278.22
0.829000	1278.22
0.830000	1278.22
0.830000	1278.22
0.831188	1278.22
0.833375	1275.71
0.834000	1280.76
0.834000	1280.76
0.835000	1280.76
0.835000	1280.76
0.839000	1280.76
0.839000	1277.00
0.839000	1277.00
0.840000	1277.00
0.840000	1277.00
0.841188	1278.88
0.844000	1279.50
0.844000	1279.50
0.844000	1279.50
0.845000	1279.50
0.845000	1279.50
0.846813	1279.50
0.849000	1275.81
0.849000	1281.97
0.849000	1281.97
0.850000	1281.97
0.850000	1281.97
0.854000	1278.29
0.854000	1278.29
0.854000	1278.29
0.854625	1278.29
0.855000	1278.29
0.855000	1278.29
0.856813	1278.90
0.859000	1280.73
0.859000	1280.73
0.860000	1280.73
0.860000	1280.73
0.862438	1280.73
0.864000	1277.11
0.864000	1277.11
0.864625	1281.93
0.865000	1281.93
0.865000	1281.93
0.869000	1279.52
0.869000	1279.52
0.869000	1279.52
0.870000	1279.52
0.870000	1279.52
0.870250	1279.52
0.872438	1278.93
0.874000	1281.90
0.874000	1281.90
0.875000	1281.90
0.875000	1281.90
0.878063	1281.90
0.879000	1278.35
0.879000	1278.35
0.880000	1278.35
0.880000	1278.35
0.880250	1281.88
0.884000	1280.70
0.884000	1280.70
0.884000	1280.70
0.885000	1280.70
0.885000	1280.70
0.885875	1280.70
0.888063	1278.95
0.889000	1283.02
0.889000	1283.02
0.890000	1283.02
0.890000	1283.02
0.893688	1283.02
0.894000	1279.54
0.894000	1279.54
0.895000	1279.54
0.895000	1279.54
0.895875	1281.84
0.899000	1281.83
0.899000	1281.83
0.899000	1281.83
0.900000	1281.83
0.900000	1281.83
0.901500	1281.83
0.903688	1278.98
0.904000	1284.09
0.904000	1284.09
0.905000	1284.09
0.905000	1284.09
0.909000	1280.68
0.909000	1280.68
0.909000	1280.68
0.909313	1280.68
0.910000	1280.68
0.910000	1280.68
0.911500	1281.80
0.914000	1282.91
0.914000	1282.91
0.915000	1282.91
0.915000	1282.91
0.917125	1282.91
0.919000	1279.55
0.919000	1279.55
0.919313	1284.56
0.920000	1284.56
0.920000	1284.56
0.924000	1281.77
0.924000	1281.77
0.924000	1281.77
0.924938	1281.77
0.925000	1281.77
0.925000	1281.77
0.927125	1281.76
0.929000	1283.95
0.929000	1283.95
0.930000	1283.95
0.930000	1283.95
0.932750	1283.95
0.934000	1280.65
0.934000	1280.65
0.934938	1284.46
0.935000	1284.46
0.935000	1284.46
0.939000	1282.81
0.939000	1282.81
0.939000	1282.81
0.940000	1282.81
0.940000	1282.81
0.940563	1282.81
0.942750	1281.72
0.944000	1284.95
0.944000	1284.95
0.945000	1284.95
0.945000	1284.95
0.948375	1284.95
0.949000	1281.71
0.949000	1281.71
0.950000	1281.71
0.950000	1281.71
0.950563	1284.37
0.954000	1283.82
0.954000	1283.82
0.954000	1283.82
0.955000	1283.82
0.955000	1283.82
0.956188	1283.82
0.958375	1281.69
0.959000	1285.90
0.959000	1285.90
0.960000	1285.90
0.960000	1285.90
0.964000	1285.90
0.964000	1282.72
0.964000	1282.72
0.965000	1282.72
0.965000	1282.72
0.966188	1284.28
0.969000	1284.79
0.969000	1284.79
0.969000	1284.79
0.970000	1284.79
0.970000	1284.79
0.971813	1284.79
0.974000	1281.65
0.974000	1286.82
0.974000	1286.82
0.975000	1286.82
0.975000	1286.82
0.979000	1283.70
0.979000	1283.70
0.979000	1283.70
0.979625	1283.70
0.980000	1283.70
0.980000	1283.70
0.981813	1284.19
0.984000	1285.71
0.984000	1285.71
0.985000	1285.71
0.985000	1285.71
0.987438	1285.71
0.989000	1282.64
0.989000	1282.64
0.989625	1286.69
0.990000	1286.69
0.990000	1286.69
0.994000	1284.63
0.994000	1284.63
0.994000	1284.63
0.995000	1284.63
0.995000	1284.63
0.995250	1284.63
0.997438	1284.11
0.999000	1286.61
0.999000	1286.61
1.000000	1286.61
1.000000	1286.61
1.003063	1286.61
1.004000	1283.58
1.004000	1283.58
1.005000	1283.58
1.005000	1283.58
1.005250	1286.56
1.009000	1285.54
1.009000	1285.54
1.009000	1285.54
1.010000	1285.54
1.010000	1285.54
1.010875	1285.54
1.013063	1284.03
1.014000	1287.47
1.014000	1287.47
1.015000	1287.47
1.015000	1287.47
1.018688	1287.47
1.019000	1284.49
1.019000	1284.49
1.020000	1284.49
1.020000	1284.49
1.020875	1286.43
1.024000	1286.41
1.024000	1286.41
1.024000	1286.41
1.025000	1286.41
1.025000	1286.41
1.026500	1286.41
1.028688	1283.96
1.029000	1288.30
1.029000	1288.30
1.030000	1288.30
1.030000	1288.30
1.034000	1285.37
1.034000	1285.37
1.034000	1285.37
1.034313	1285.37
1.035000	1285.37
1.035000	1285.37
1.036500	1286.31
1.039000	1287.25
1.039000	1287.25
1.040000	1287.25
1.040000	1287.25
1.042125	1287.25
1.044000	1284.36
1.044000	1284.36
1.044313	1288.62
1.045000	1288.62
1.045000	1288.62
1.049000	1286.22
1.049000	1286.22
1.049000	1286.22
1.049938	1286.22
1.050000	1286.22
1.050000	1286.22
1.052125	1286.20
1.054000	1288.06
1.054000	1288.06
1.055000	1288.06
1.055000	1288.06
1.057750	1288.06
1.059000	1285.22
1.059000	1285.22
1.059938	1288.46
1.060000	1288.46
1.060000	1288.46
1.064000	1287.04
1.064000	1287.04
1.064000	1287.04
1.065000	1287.04
1.065000	1287.04
1.065563	1287.04
1.067750	1286.08
1.069000	1288.84
1.069000	1288.84
1.070000	1288.84
1.070000	1288.84
1.073375	1288.84
1.074000	1286.04
1.074000	1286.04
1.075000	1286.04
1.075000	1286.04
1.075563	1288.31
1.079000	1287.83
1.079000	1287.83
1.079000	1287.83
1.080000	1287.83
1.080000	1287.83
1.081188	1287.83
1.083375	1285.98
1.084000	1289.59
1.084000	1289.59
1.085000	1289.59
1.085000	1289.59
1.089000	1286.84
1.089000	1286.84
1.089000	1286.84
1.089000	1286.84
1.090000	1286.84
1.090000	1286.84
1.091188	1288.17
1.094000	1288.59
1.094000	1288.59
1.095000	1288.59
1.095000	1288.59
1.096813	1288.59
1.099000	1285.87
1.099000	1285.87
1.099000	1290.32
1.100000	1290.32
1.100000	1290.32
1.104000	1287.61
1.104000	1287.61
1.104000	1287.61
1.104625	1287.61
1.105000	1287.61
1.105000	1287.61
1.106813	1288.03
1.109000	1289.33
1.109000	1289.33
1.110000	1289.33
1.110000	1289.33
1.112438	1289.33
1.114000	1286.65
1.114000	1286.65
1.114625	1290.15
1.115000	1290.15
1.115000	1290.15
1.119000	1288.36
1.119000	1288.36
1.119000	1288.36
1.120000	1288.36
1.120000	1288.36
1.120250	1288.36
1.122438	1287.89
1.124000	1290.04
1.124000	1290.04
1.125000	1290.04
1.125000	1290.04
1.128063	1290.04
1.129000	1287.41
1.129000	1287.41
1.130000	1287.41
1.130000	1287.41
1.130250	1289.98
1.134000	1289.08
1.134000	1289.08
1.134000	1289.08
1.135000	1289.08
1.135000	1289.08
1.135875	1289.08
1.138063	1287.76
1.139000	1290.73
1.139000	1290.73
1.140000	1290.73
1.140000	1290.73
1.143688	1290.73
1.144000	1288.14
1.144000	1288.14
1.145000	1288.14
1.145000	1288.14
1.145875	1289.81
1.149000	1289.78
1.149000	1289.78
1.149000	1289.78
1.150000	1289.78
1.150000	1289.78
1.151500	1289.78
1.153688	1287.63
1.154000	1291.40
1.154000	1291.40
1.155000	1291.40
1.155000	1291.40
1.159000	1288.84
1.159000	1288.84
1.159000	1288.84
1.159313	1288.84
1.160000	1288.84
1.160000	1288.84
1.161500	1289.65
1.164000	1290.46
1.164000	1290.46
1.165000	1290.46
1.165000	1290.46
1.167125	1290.46
1.169000	1287.93
1.169000	1287.93
1.169313	1291.64
1.170000	1291.64
1.170000	1291.64
1.174000	1289.53
1.174000	1289.53
1.174000	1289.53
1.174938	1289.53
1.175000	1289.53
1.175000	1289.53
1.177125	1289.50
1.179000	1291.11
1.179000	1291.11
1.180000	1291.11
1.180000	1291.11
1.182750	1291.11
1.184000	1288.62
1.184000	1288.62
1.184938	1291.45
1.185000	1291.45
1.185000	1291.45
1.189000	1290.19
1.189000	1290.19
1.189000	1290.19
1.190000	1290.19
1.190000	1290.19
1.190563	1290.19
1.192750	1289.35
1.194000	1291.75
1.194000	1291.75
1.195000	1291.75
1.195000	1291.75
1.198375	1291.75
1.199000	1289.29
1.199000	1289.29
1.200000	1289.29
1.200000	1289.29
1.200563	1291.27
1.204000	1290.84
1.204000	1290.84
1.204000	1290.84
1.205000	1290.84
1.205000	1290.84
1.206188	1290.84
1.208375	1289.20
1.209000	1292.37
1.209000	1292.37
1.210000	1292.37
1.210000	1292.37
1.214000	1289.94
1.214000	1289.94
1.214000	1289.94
1.214000	1289.94
1.215000	1289.94
1.215000	1289.94
1.216188	1291.10
1.219000	1291.46
1.219000	1291.46
1.220000	1291.46
1.220000	1291.46
1.221813	1291.46
1.224000	1289.06
1.224000	1289.06
1.224000	1292.97
1.225000	1292.97
1.225000	1292.97
1.229000	1290.57
1.229000	1290.57
1.229000	1290.57
1.229625	1290.57
1.230000	1290.57
1.230000	1290.57
1.231813	1290.93
1.234000	1292.07
1.234000	1292.07
1.235000	1292.07
1.235000	1292.07
1.237438	1292.07
1.239000	1289.70
1.239000	1289.70
1.239625	1292.77
1.240000	1292.77
1.240000	1292.77
1.244000	1291.19
1.244000	1291.19
1.244000	1291.19
1.245000	1291.19
1.245000	1291.19
1.245250	1291.19
1.247438	1290.77
1.249000	1292.66
1.249000	1292.66
1.250000	1292.66
1.250000	1292.66
1.253063	1292.66
1.254000	1290.32
1.254000	1290.32
1.255000	1290.32
1.255000	1290.32
1.255250	1292.58
1.259000	1291.78
1.259000	1291.78
1.259000	1291.78
1.260000	1291.78
1.260000	1291.78
1.260875	1291.78
1.263063	1290.61
1.264000	1293.23
1.264000	1293.23
1.265000	1293.23
1.265000	1293.23
1.268688	1293.23
1.269000	1290.93
1.269000	1290.93
1.270000	1290.93
1.270000	1290.93
1.270875	1292.40
1.274000	1292.36
1.274000	1292.36
1.274000	1292.36
1.275000	1292.36
1.275000	1292.36
1.276500	1292.36
1.278688	1290.46
1.279000	1293.79
1.279000	1293.79
1.280000	1293.79
1.280000	1293.79
1.284000	1291.51
1.284000	1291.51
1.284000	1291.51
1.284313	1291.51
1.285000	1291.51
1.285000	1291.51
1.286500	1292.22
1.289000	1292.93
1.289000	1292.93
1.290000	1292.93
1.290000	1292.93
1.292125	1292.93
1.294000	1290.68
1.294000	1290.68
1.294313	1293.96
1.295000	1293.96
1.295000	1293.96
1.299000	1292.08
1.299000	1292.08
1.299000	1292.08
1.299938	1292.08
1.300000	1292.08
1.300000	1292.08
1.302125	1292.05
1.304000	1293.48
1.304000	1293.48
1.305000	1293.48
1.305000	1293.48
1.307750	1293.48
1.309000	1291.25
1.309000	1291.25
1.309938	1293.77
1.310000	1293.77
1.310000	1293.77
1.314000	1292.64
1.314000	1292.64
1.314000	1292.64
1.315000	1292.64
1.315000	1292.64
1.315563	1292.64
1.317750	1291.88
1.319000	1294.01
1.319000	1294.01
1.320000	1294.01
1.320000	1294.01
1.323375	1294.01
1.324000	1291.81
1.324000	1291.81
1.325000	1291.81
1.325000	1291.81
1.325563	1293.57
1.329000	1293.18
1.329000	1293.18
1.329000	1293.18
1.330000	1293.18
1.330000	1293.18
1.331188	1293.18
1.333375	1291.72
1.334000	1294.53
1.334000	1294.53
1.335000	1294.53
1.335000	1294.53
1.339000	1292.36
1.339000	1292.36
1.339000	1292.36
1.339000	1292.36
1.340000	1292.36
1.340000	1292.36
1.341188	1293.39
1.344000	1293.71
1.344000	1293.71
1.345000	1293.71
1.345000	1293.71
1.346813	1293.71
1.349000	1291.56
1.349000	1291.56
1.349000	1295.04
1.350000	1295.04
1.350000	1295.04
1.354000	1292.89
1.354000	1292.89
1.354000	1292.89
1.354625	1292.89
1.355000	1292.89
1.355000	1292.89
1.356813	1293.21
1.359000	1294.22
1.359000	1294.22
1.360000	1294.22
1.360000	1294.22
1.362438	1294.22
1.364000	1292.10
1.364000	1292.10
1.364625	1294.84
1.365000	1294.84
1.365000	1294.84
1.369000	1293.41
1.369000	1293.41
1.369000	1293.41
1.370000	1293.41
1.370000	1293.41
1.370250	1293.41
1.372438	1293.03
1.374000	1294.72
1.374000	1294.72
1.375000	1294.72
1.375000	1294.72
1.378063	1294.72
1.379000	1292.62
1.379000	1292.62
1.380000	1292.62
1.380000	1292.62
1.380250	1294.64
1.384000	1293.92
1.384000	1293.92
1.384000	1293.92
1.385000	1293.92
1.385000	1293.92
1.385875	1293.92
1.388063	1292.86
1.389000	1295.21
1.389000	1295.21
1.390000	1295.21
1.390000	1295.21
1.393688	1295.21
1.394000	1293.13
1.394000	1293.13
1.395000	1293.13
1.395000	1293.13
1.395875	1294.45
1.399000	1294.41
1.399000	1294.41
1.399000	1294.41
1.400000	1294.41
1.400000	1294.41
1.401500	1294.41
1.403688	1292.69
1.404000	1295.68
1.404000	1295.68
1.405000	1295.68
1.405000	1295.68
1.409000	1293.63
1.409000	1293.63
1.409000	1293.63
1.409313	1293.63
1.410000	1293.63
1.410000	1293.63
1.411500	1294.26
1.414000	1294.89
1.414000	1294.89
1.415000	1294.89
1.415000	1294.89
1.417125	1294.89
1.419000	1292.86
1.419000	1292.86
1.419313	1295.81
1.420000	1295.81
1.420000	1295.81
1.424000	1294.12
1.424000	1294.12
1.424000	1294.12
1.424938	1294.12
1.425000	1294.12
1.425000	1294.12
1.427125	1294.08
1.429000	1295.36
1.429000	1295.36
1.430000	1295.36
1.430000	1295.36
1.432750	1295.36
1.434000	1293.35
1.434000	1293.35
1.434938	1295.61
1.435000	1295.61
1.435000	1295.61
1.439000	1294.59
1.439000	1294.59
1.439000	1294.59
1.440000	1294.59
1.440000	1294.59
1.440563	1294.59
1.442750	1293.90
1.444000	1295.82
1.444000	1295.82
1.445000	1295.82
1.445000	1295.82
1.448375	1295.82
1.449000	1293.84
1.449000	1293.84
1.450000	1293.84
1.450000	1293.84
1.450563	1295.42
1.454000	1295.06
1.454000	1295.06
1.454000	1295.06
1.455000	1295.06
1.455000	1295.06
1.456188	1295.06
1.458375	1293.73
1.459000	1296.27
1.459000	1296.27
1.460000	1296.27
1.460000	1296.27
1.464000	1294.30
1.464000	1294.30
1.464000	1294.30
1.464000	1294.30
1.465000	1294.30
1.465000	1294.30
1.466188	1295.23
1.469000	1295.51
1.469000	1295.51
1.470000	1295.51
1.470000	1295.51
1.471813	1295.51
1.474000	1293.56
1.474000	1293.56
1.474000	1296.70
1.475000	1296.70
1.475000	1296.70
1.479000	1294.76
1.479000	1294.76
1.479000	1294.76
1.479625	1294.76
1.480000	1294.76
1.480000	1294.76
1.481813	1295.04
1.484000	1295.95
1.484000	1295.95
1.485000	1295.95
1.485000	1295.95
1.487438	1295.95
1.489000	1294.03
1.489000	1294.03
1.489625	1296.50
1.490000	1296.50
1.490000	1296.50
1.494000	1295.21
1.494000	1295.21
1.494000	1295.21
1.495000	1295.21
1.495000	1295.21
1.495250	1295.21
1.497438	1294.86
1.499000	1296.38
1.499000	1296.38
1.500000	1296.38
1.500000	1296.38
1.503063	1296.38
1.504000	1294.48
1.504000	1294.48
1.505000	1294.48
1.505000	1294.48
1.505250	1296.30
1.509000	1295.65
1.509000	1295.65
1.509000	1295.65
1.510000	1295.65
1.510000	1295.65
1.510875	1295.65
1.513063	1294.68
1.514000	1296.80
1.514000	1296.80
1.515000	1296.80
1.515000	1296.80
1.518688	1296.80
1.519000	1294.92
1.519000	1294.92
1.520000	1294.92
1.520000	1294.92
1.520875	1296.11
1.524000	1296.07
1.524000	1296.07
1.524000	1296.07
1.525000	1296.07
1.525000	1296.07
1.526500	1296.07
1.528688	1294.51
1.529000	1297.22
1.529000	1297.22
1.530000	1297.22
1.530000	1297.22
1.534000	1295.35
1.534000	1295.35
1.534000	1295.35
1.534313	1295.35
1.535000	1295.35
1.535000	1295.35
1.536500	1295.92
1.539000	1296.49
1.539000	1296.49
1.540000	1296.49
1.540000	1296.49
1.542125	1296.49
1.544000	1294.64
1.544000	1294.64
1.544313	1297.32
1.545000	1297.32
1.545000	1297.32
1.549000	1295.77
1.549000	1295.77
1.549000	1295.77
1.549938	1295.77
1.550000	1295.77
1.550000	1295.77
1.552125	1295.74
1.554000	1296.90
1.554000	1296.90
1.555000	1296.90
1.555000	1296.90
1.557750	1296.90
1.559000	1295.07
1.559000	1295.07
1.559938	1297.12
1.560000	1297.12
1.560000	1297.12
1.564000	1296.19
1.564000	1296.19
1.564000	1296.19
1.565000	1296.19
1.565000	1296.19
1.565563	1296.19
1.567750	1295.56
1.569000	1297.30
1.569000	1297.30
1.570000	1297.30
1.570000	1297.30
1.573375	1297.30
1.574000	1295.49
1.574000	1295.49
1.575000	1295.49
1.575000	1295.49
1.575563	1296.92
1.579000	1296.59
1.579000	1296.59
1.579000	1296.59
1.580000	1296.59
1.580000	1296.59
1.581188	1296.59
1.583375	1295.38
1.584000	1297.69
1.584000	1297.69
1.585000	1297.69
1.585000	1297.69
1.589000	1295.90
1.589000	1295.90
1.589000	1295.90
1.589000	1295.90
1.590000	1295.90
1.590000	1295.90
1.591188	1296.73
1.594000	1296.99
1.594000	1296.99
1.595000	1296.99
1.595000	1296.99
1.596813	1296.99
1.599000	1295.21
1.599000	1295.21
1.599000	1298.07
1.600000	1298.07
1.600000	1298.07
1.604000	1296.30
1.604000	1296.30
1.604000	1296.30
1.604625	1296.30
1.605000	1296.30
1.605000	1296.30
1.606813	1296.55
1.609000	1297.37
1.609000	1297.37
1.610000	1297.37
1.610000	1297.37
1.612438	1297.37
1.614000	1295.62
1.614000	1295.62
1.614625	1297.87
1.615000	1297.87
1.615000	1297.87
1.619000	1296.69
1.619000	1296.69
1.619000	1296.69
1.620000	1296.69
1.620000	1296.69
1.620250	1296.69
1.622438	1296.37
1.624000	1297.75
1.624000	1297.75
1.625000	1297.75
1.625000	1297.75
1.628063	1297.75
1.629000	1296.01
1.629000	1296.01
1.630000	1296.01
1.630000	1296.01
1.630250	1297.68
1.634000	1297.07
1.634000	1297.07
1.634000	1297.07
1.635000	1297.07
1.635000	1297.07
1.635875	1297.07
1.638063	1296.19
1.639000	1298.12
1.639000	1298.12
1.640000	1298.12
1.640000	1298.12
1.643688	1298.12
1.644000	1296.40
1.644000	1296.40
1.645000	1296.40
1.645000	1296.40
1.645875	1297.48
1.649000	1297.45
1.649000	1297.45
1.649000	1297.45
1.650000	1297.45
1.650000	1297.45
1.651500	1297.45
1.653688	1296.01
1.654000	1298.49
1.654000	1298.49
1.655000	1298.49
1.655000	1298.49
1.659000	1296.78
1.659000	1296.78
1.659000	1296.78
1.659313	1296.78
1.660000	1296.78
1.660000	1296.78
1.661500	1297.30
1.664000	1297.81
1.664000	1297.81
1.665000	1297.81
1.665000	1297.81
1.667125	1297.81
1.669000	1296.12
1.669000	1296.12
1.669313	1298.57
1.670000	1298.57
1.670000	1298.57
1.674000	1297.15
1.674000	1297.15
1.674000	1297.15
1.674938	1297.15
1.675000	1297.15
1.675000	1297.15
1.677125	1297.11
1.679000	1298.17
1.679000	1298.17
1.680000	1298.17
1.680000	1298.17
1.682750	1298.17
1.684000	1296.50
1.684000	1296.50
1.684938	1298.37
1.685000	1298.37
1.685000	1298.37
1.689000	1297.52
1.689000	1297.52
1.689000	1297.52
1.690000	1297.52
1.690000	1297.52
1.690563	1297.52
1.692750	1296.94
1.694000	1298.53
1.694000	1298.53
1.695000	1298.53
1.695000	1298.53
1.698375	1298.53
1.699000	1296.86
1.699000	1296.86
1.700000	1296.86
1.700000	1296.86
1.700563	1298.18
1.704000	1297.87
1.704000	1297.87
1.704000	1297.87
1.705000	1297.87
1.705000	1297.87
1.706188	1297.87
1.708375	1296.76
1.709000	1298.87
1.709000	1298.87
1.710000	1298.87
1.710000	1298.87
1.714000	1297.23
1.714000	1297.23
1.714000	1297.23
1.714000	1297.23
1.715000	1297.23
1.715000	1297.23
1.716188	1297.99
1.719000	1298.22
1.719000	1298.22
1.720000	1298.22
1.720000	1298.22
1.721813	1298.22
1.724000	1296.59
1.724000	1296.59
1.724000	1299.21
1.725000	1299.21
1.725000	1299.21
1.729000	1297.58
1.729000	1297.58
1.729000	1297.58
1.729625	1297.58
1.730000	1297.58
1.730000	1297.58
1.731813	1297.81
1.734000	1298.57
1.734000	1298.57
1.735000	1298.57
1.735000	1298.57
1.737438	1298.57
1.739000	1296.95
1.739000	1296.95
1.739625	1299.02
1.740000	1299.02
1.740000	1299.02
1.744000	1297.93
1.744000	1297.93
1.744000	1297.93
1.745000	1297.93
1.745000	1297.93
1.745250	1297.93
1.747438	1297.63
1.749000	1298.90
1.749000	1298.90
1.750000	1298.90
1.750000	1298.90
1.753063	1298.90
1.754000	1297.30
1.754000	1297.30
1.755000	1297.30
1.755000	1297.30
1.755250	1298.83
1.759000	1298.27
1.759000	1298.27
1.759000	1298.27
1.760000	1298.27
1.760000	1298.27
1.760875	1298.27
1.763063	1297.45
1.764000	1299.23
1.764000	1299.23
1.765000	1299.23
1.765000	1299.23
1.768688	1299.23
1.769000	1297.64
1.769000	1297.64
1.770000	1297.64
1.770000	1297.64
1.770875	1298.64
1.774000	1298.60
1.774000	1298.60
1.774000	1298.60
1.775000	1298.60
1.775000	1298.60
1.776500	1298.60
1.778688	1297.28
1.779000	1299.56
1.779000	1299.56
1.780000	1299.56
1.780000	1299.56
1.784000	1297.98
1.784000	1297.98
1.784000	1297.98
1.784313	1297.98
1.785000	1297.98
1.785000	1297.98
1.786500	1298.46
1.789000	1298.93
1.789000	1298.93
1.790000	1298.93
1.790000	1298.93
1.792125	1298.93
1.794000	1297.37
1.794000	1297.37
1.794313	1299.62
1.795000	1299.62
1.795000	1299.62
1.799000	1298.31
1.799000	1298.31
1.799000	1298.31
1.799938	1298.31
1.800000	1298.31
1.800000	1298.31
1.802125	1298.28
1.804000	1299.25
1.804000	1299.25
1.805000	1299.25
1.805000	1299.25
1.807750	1299.25
1.809000	1297.70
1.809000	1297.70
1.809938	1299.43
1.810000	1299.43
1.810000	1299.43
1.814000	1298.64
1.814000	1298.64
1.814000	1298.64
1.815000	1298.64
1.815000	1298.64
1.815563	1298.64
1.817750	1298.10
1.819000	1299.57
1.819000	1299.57
1.820000	1299.57
1.820000	1299.57
1.823375	1299.57
1.824000	1298.03
1.824000	1298.03
1.825000	1298.03
1.825000	1298.03
1.825563	1299.24
1.829000	1298.96
1.829000	1298.96
1.829000	1298.96
1.830000	1298.96
1.830000	1298.96
1.831188	1298.96
1.833375	1297.93
1.834000	1299.88
1.834000	1299.88
1.835000	1299.88
1.835000	1299.88
1.839000	1298.35
1.839000	1298.35
1.839000	1298.35
1.839000	1298.35
1.840000	1298.35
1.840000	1298.35
1.841188	1299.06
1.844000	1299.27
1.844000	1299.27
1.845000	1299.27
1.845000	1299.27
1.846813	1299.27
1.849000	1297.76
1.849000	1297.76
1.849000	1300.18
1.850000	1300.18
1.850000	1300.18
1.854000	1298.67
1.854000	1298.67
1.854000	1298.67
1.854625	1298.67
1.855000	1298.67
1.855000	1298.67
1.856813	1298.88
1.859000	1299.58
1.859000	1299.58
1.860000	1299.58
1.860000	1299.58
1.862438	1299.58
1.864000	1298.08
1.864000	1298.08
1.864625	1299.99
1.865000	1299.99
1.865000	1299.99
1.869000	1298.98
1.869000	1298.98
1.869000	1298.98
1.870000	1298.98
1.870000	1298.98
1.870250	1298.98
1.872438	1298.70
1.874000	1299.88
1.874000	1299.88
1.875000	1299.88
1.875000	1299.88
1.878063	1299.88
1.879000	1298.39
1.879000	1298.39
1.880000	1298.39
1.880000	1298.39
1.880250	1299.81
1.884000	1299.29
1.884000	1299.29
1.884000	1299.29
1.885000	1299.29
1.885000	1299.29
1.885875	1299.29
1.888063	1298.53
1.889000	1300.18
1.889000	1300.18
1.890000	1300.18
1.890000	1300.18
1.893688	1300.18
1.894000	1298.70
1.894000	1298.70
1.895000	1298.70
1.895000	1298.70
1.895875	1299.62
1.899000	1299.59
1.899000	1299.59
1.899000	1299.59
1.900000	1299.59
1.900000	1299.59
1.901500	1299.59
1.903688	1298.36
1.904000	1300.47
1.904000	1300.47
1.905000	1300.47
1.905000	1300.47
1.909000	1299.01
1.909000	1299.01
1.909000	1299.01
1.909313	1299.01
1.910000	1299.01
1.910000	1299.01
1.911500	1299.44
1.914000	1299.88
1.914000	1299.88
1.915000	1299.88
1.915000	1299.88
1.917125	1299.88
1.919000	1298.43
1.919000	1298.43
1.919313	1300.52
1.920000	1300.52
1.920000	1300.52
1.924000	1299.30
1.924000	1299.30
1.924000	1299.30
1.924938	1299.30
1.925000	1299.30
1.925000	1299.30
1.927125	1299.27
1.929000	1300.17
1.929000	1300.17
1.930000	1300.17
1.930000	1300.17
1.932750	1300.17
1.934000	1298.73
1.934000	1298.73
1.934938	1300.33
1.935000	1300.33
1.935000	1300.33
1.939000	1299.60
1.939000	1299.60
1.939000	1299.60
1.940000	1299.60
1.940000	1299.60
1.940563	1299.60
1.942750	1299.10
1.944000	1300.46
1.944000	1300.46
1.945000	1300.46
1.945000	1300.46
1.948375	1300.46
1.949000	1299.03
1.949000	1299.03
1.950000	1299.03
1.950000	1299.03
1.950563	1300.15
1.954000	1299.89
1.954000	1299.89
1.954000	1299.89
1.955000	1299.89
1.955000	1299.89
1.956188	1299.89
1.958375	1298.93
1.959000	1300.74
1.959000	1300.74
1.960000	1300.74
1.960000	1300.74
1.964000	1299.32
1.964000	1299.32
1.964000	1299.32
1.964000	1299.32
1.965000	1299.32
1.965000	1299.32
1.966188	1299.97
1.969000	1300.17
1.969000	1300.17
1.970000	1300.17
1.970000	1300.17
1.971813	1300.17
1.974000	1298.76
1.974000	1298.76
1.974000	1301.01
1.975000	1301.01
1.975000	1301.01
1.979000	1299.61
1.979000	1299.61
1.979000	1299.61
1.979625	1299.61
1.980000	1299.61
1.980000	1299.61
1.981813	1299.80
1.984000	1300.45
1.984000	1300.45
1.985000	1300.45
1.985000	1300.45
1.987438	1300.45
1.989000	1299.05
1.989000	1299.05
1.989625	1300.83
1.990000	1300.83
1.990000	1300.83
1.994000	1299.89
1.994000	1299.89
1.994000	1299.89
1.995000	1299.89
1.995000	1299.89
1.995250	1299.89
1.997438	1299.63
1.999000	1300.72
1.999000	1300.72
2.000000	1300.72
2.000000	1300.72
2.003063	1300.72
2.004000	1299.33
2.004000	1299.33
2.005000	1299.33
2.005000	1299.33
2.005250	1300.65
2.009000	1300.17
2.009000	1300.17
2.009000	1300.17
2.010000	1300.17
2.010000	1300.17
2.010875	1300.17
2.013062	1299.46
2.014000	1300.99
2.014000	1300.99
2.015000	1300.99
2.015000	1300.99
2.018688	1300.99
2.019000	1299.62
2.019000	1299.62
2.020000	1299.62
2.020000	1299.62
2.020875	1300.47
2.024000	1300.44
2.024000	1300.44
2.024000	1300.44
2.025000	1300.44
2.025000	1300.44
2.026500	1300.44
2.028687	1299.29
2.029000	1301.26
2.029000	1301.26
2.030000	1301.26
2.030000	1301.26
2.034000	1299.89
2.034000	1299.89
2.034000	1299.89
2.034313	1299.89
2.035000	1299.89
2.035000	1299.89
2.036500	1300.30
2.039000	1300.71
2.039000	1300.71
2.040000	1300.71
2.040000	1300.71
2.042125	1300.71
2.044000	1299.35
2.044000	1299.35
2.044312	1301.30
2.045000	1301.30
2.045000	1301.30
2.049000	1300.16
2.049000	1300.16
2.049000	1300.16
2.049938	1300.16
2.050000	1300.16
2.050000	1300.16
2.052125	1300.13
2.054000	1300.97
2.054000	1300.97
2.055000	1300.97
2.055000	1300.97
2.057750	1300.97
2.059000	1299.62
2.059000	1299.62
2.059937	1301.12
2.060000	1301.12
2.060000	1301.12
2.064000	1300.43
2.064000	1300.43
2.064000	1300.43
2.065000	1300.43
2.065000	1300.43
2.065563	1300.43
2.067750	1299.96
2.069000	1301.23
2.069000	1301.23
2.070000	1301.23
2.070000	1301.23
2.073375	1301.23
2.074000	1299.89
2.074000	1299.89
2.075000	1299.89
2.075000	1299.89
2.075562	1300.94
2.079000	1300.69
2.079000	1300.69
2.079000	1300.69
2.080000	1300.69
2.080000	1300.69
2.081188	1300.69
2.083375	1299.79
2.084000	1301.49
2.084000	1301.49
2.085000	1301.49
2.085000	1301.49
2.089000	1300.16
2.089000	1300.16
2.089000	1300.16
2.089000	1300.16
2.090000	1300.16
2.090000	1300.16
2.091187	1300.77
2.094000	1300.95
2.094000	1300.95
2.095000	1300.95
2.095000	1300.95
2.096813	1300.95
2.099000	1299.63
2.099000	1299.63
2.099000	1301.74
2.100000	1301.74
2.100000	1301.74
2.104000	1300.42
2.104000	1300.42
2.104000	1300.42
2.104625	1300.42
2.105000	1300.42
2.105000	1300.42
2.106812	1300.60
2.109000	1301.20
2.109000	1301.20
2.110000	1301.20
2.110000	1301.20
2.112438	1301.20
2.114000	1299.90
2.114000	1299.90
2.114625	1301.56
2.115000	1301.56
2.115000	1301.56
2.119000	1300.68
2.119000	1300.68
2.119000	1300.68
2.120000	1300.68
2.120000	1300.68
2.120250	1300.68
2.122437	1300.43
2.124000	1301.46
2.124000	1301.46
2.125000	1301.46
2.125000	1301.46
2.128063	1301.46
2.129000	1300.16
2.129000	1300.16
2.130000	1300.16
2.130000	1300.16
2.130250	1301.39
2.134000	1300.93
2.134000	1300.93
2.134000	1300.93
2.135000	1300.93
2.135000	1300.93
2.135875	1300.93
2.138062	1300.27
2.139000	1301.70
2.139000	1301.70
2.140000	1301.70
2.140000	1301.70
2.143688	1301.70
2.144000	1300.41
2.144000	1300.41
2.145000	1300.41
2.145000	1300.41
2.145875	1301.21
2.149000	1301.18
2.149000	1301.18
2.149000	1301.18
2.150000	1301.18
2.150000	1301.18
2.151500	1301.18
2.153687	1300.11
2.154000	1301.94
2.154000	1301.94
2.155000	1301.94
2.155000	1301.94
2.159000	1300.66
2.159000	1300.66
2.159000	1300.66
2.159313	1300.66
2.160000	1300.66
2.160000	1300.66
2.161500	1301.05
2.164000	1301.43
2.164000	1301.43
2.165000	1301.43
2.165000	1301.43
2.167125	1301.43
2.169000	1300.15
2.169000	1300.15
2.169312	1301.98
2.170000	1301.98
2.170000	1301.98
2.174000	1300.91
2.174000	1300.91
2.174000	1300.91
2.174938	1300.91
2.175000	1300.91
2.175000	1300.91
2.177125	1300.88
2.179000	1301.67
2.179000	1301.67
2.180000	1301.67
2.180000	1301.67
2.182750	1301.67
2.184000	1300.40
2.184000	1300.40
2.184937	1301.80
2.185000	1301.80
2.185000	1301.80
2.189000	1301.16
2.189000	1301.16
2.189000	1301.16
2.190000	1301.16
2.190000	1301.16
2.190563	1301.16
2.192750	1300.72
2.194000	1301.91
2.194000	1301.91
2.195000	1301.91
2.195000	1301.91
2.198375	1301.91
2.199000	1300.65
2.199000	1300.65
2.200000	1300.65
2.200000	1300.65
2.200562	1301.63
2.204000	1301.40
2.204000	1301.40
2.204000	1301.40
2.205000	1301.40
2.205000	1301.40
2.206188	1301.40
2.208375	1300.55
2.209000	1302.14
2.209000	1302.14
2.210000	1302.14
2.210000	1302.14
2.214000	1300.89
2.214000	1300.89
2.214000	1300.89
2.214000	1300.89
2.215000	1300.89
2.215000	1300.89
2.216187	1301.47
2.219000	1301.63
2.219000	1301.63
2.220000	1301.63
2.220000	1301.63
2.221813	1301.63
2.224000	1300.40
2.224000	1300.40
2.224000	1302.37
2.225000	1302.37
2.225000	1302.37
2.229000	1301.13
2.229000	1301.13
2.229000	1301.13
2.229625	1301.13
2.230000	1301.13
2.230000	1301.13
2.231812	1301.30
2.234000	1301.87
2.234000	1301.87
2.235000	1301.87
2.235000	1301.87
2.237438	1301.87
2.239000	1300.64
2.239000	1300.64
2.239625	1302.20
2.240000	1302.20
2.240000	1302.20
2.244000	1301.37
2.244000	1301.37
2.244000	1301.37
2.245000	1301.37
2.245000	1301.37
2.245250	1301.37
2.247437	1301.14
2.249000	1302.10
2.249000	1302.10
2.250000	1302.10
2.250000	1302.10
2.253063	1302.10
2.254000	1300.88
2.254000	1300.88
2.255000	1300.88
2.255000	1300.88
2.255250	1302.03
2.259000	1301.60
2.259000	1301.60
2.259000	1301.60
2.260000	1301.60
2.260000	1301.60
2.260875	1301.60
2.263062	1300.98
2.264000	1302.33
2.264000	1302.33
2.265000	1302.33
2.265000	1302.33
2.268688	1302.33
2.269000	1301.11
2.269000	1301.11
2.270000	1301.11
2.270000	1301.11
2.270875	1301.87
2.274000	1301.83
2.274000	1301.83
2.274000	1301.83
2.275000	1301.83
2.275000	1301.83
2.276500	1301.83
2.278687	1300.82
2.279000	1302.55
2.279000	1302.55
2.280000	1302.55
2.280000	1302.55
2.284000	1301.34
2.284000	1301.34
2.284000	1301.34
2.284313	1301.34
2.285000	1301.34
2.285000	1301.34
2.286500	1301.70
2.289000	1302.06
2.289000	1302.06
2.290000	1302.06
2.290000	1302.06
2.292125	1302.06
2.294000	1300.86
2.294000	1300.86
2.294312	1302.58
2.295000	1302.58
2.295000	1302.58
2.299000	1301.57
2.299000	1301.57
2.299000	1301.57
2.299938	1301.57
2.300000	1301.57
2.300000	1301.57
2.302125	1301.54
2.304000	1302.28
2.304000	1302.28
2.305000	1302.28
2.305000	1302.28
2.307750	1302.28
2.309000	1301.09
2.309000	1301.09
2.309937	1302.41
2.310000	1302.41
2.310000	1302.41
2.314000	1301.80
2.314000	1301.80
2.314000	1301.80
2.315000	1301.80
2.315000	1301.80
2.315563	1301.80
2.317750	1301.38
2.319000	1302.50
2.319000	1302.50
2.320000	1302.50
2.320000	1302.50
2.323375	1302.50
2.324000	1301.32
2.324000	1301.32
2.325000	1301.32
2.325000	1301.32
2.325562	1302.24
2.329000	1302.02
2.329000	1302.02
2.329000	1302.02
2.330000	1302.02
2.330000	1302.02
2.331188	1302.02
2.333375	1301.22
2.334000	1302.72
2.334000	1302.72
2.335000	1302.72
2.335000	1302.72
2.339000	1301.54
2.339000	1301.54
2.339000	1301.54
2.339000	1301.54
2.340000	1301.54
2.340000	1301.54
2.341187	1302.08
2.344000	1302.24
2.344000	1302.24
2.345000	1302.24
2.345000	1302.24
2.346813	1302.24
2.349000	1301.07
2.349000	1301.07
2.349000	1302.93
2.350000	1302.93
2.350000	1302.93
2.354000	1301.76
2.354000	1301.76
2.354000	1301.76
2.354625	1301.76
2.355000	1301.76
2.355000	1301.76
2.356812	1301.92
2.359000	1302.45
2.359000	1302.45
2.360000	1302.45
2.360000	1302.45
2.362438	1302.45
2.364000	1301.29
2.364000	1301.29
2.364625	1302.77
2.365000	1302.77
2.365000	1302.77
2.369000	1301.98
2.369000	1301.98
2.369000	1301.98
2.370000	1301.98
2.370000	1301.98
2.370250	1301.98
2.372437	1301.76
2.374000	1302.67
2.374000	1302.67
2.375000	1302.67
2.375000	1302.67
2.378063	1302.67
2.379000	1301.51
2.379000	1301.51
2.380000	1301.51
2.380000	1301.51
2.380250	1302.60
2.384000	1302.20
2.384000	1302.20
2.384000	1302.20
2.385000	1302.20
2.385000	1302.20
2.385875	1302.20
2.388062	1301.61
2.389000	1302.88
2.389000	1302.88
2.390000	1302.88
2.390000	1302.88
2.393688	1302.88
2.394000	1301.73
2.394000	1301.73
2.395000	1301.73
2.395000	1301.73
2.395875	1302.44
2.399000	1302.41
2.399000	1302.41
2.399000	1302.41
2.400000	1302.41
2.400000	1302.41
2.401500	1302.41
2.403687	1301.46
2.404000	1303.09
2.404000	1303.09
2.405000	1303.09
2.405000	1303.09
2.409000	1301.95
2.409000	1301.95
2.409000	1301.95
2.409313	1301.95
2.410000	1301.95
2.410000	1301.95
2.411500	1302.28
2.414000	1302.62
2.414000	1302.62
2.415000	1302.62
2.415000	1302.62
2.417125	1302.62
2.419000	1301.49
2.419000	1301.49
2.419312	1303.11
2.420000	1303.11
2.420000	1303.11
2.424000	1302.16
2.424000	1302.16
2.424000	1302.16
2.424938	1302.16
2.425000	1302.16
2.425000	1302.16
2.427125	1302.13
2.429000	1302.83
2.429000	1302.83
2.430000	1302.83
2.430000	1302.83
2.432750	1302.83
2.434000	1301.70
2.434000	1301.70
2.434937	1302.95
2.435000	1302.95
2.435000	1302.95
2.439000	1302.37
2.439000	1302.37
2.439000	1302.37
2.440000	1302.37
2.440000	1302.37
2.440563	1302.37
2.442750	1301.97
2.444000	1303.03
2.444000	1303.03
2.445000	1303.03
2.445000	1303.03
2.448375	1303.03
2.449000	1301.91
2.449000	1301.91
2.450000	1301.91
2.450000	1301.91
2.450562	1302.79
2.454000	1302.57
2.454000	1302.57
2.454000	1302.57
2.455000	1302.57
2.455000	1302.57
2.456188	1302.57
2.458375	1301.82
2.459000	1303.23
2.459000	1303.23
2.460000	1303.23
2.460000	1303.23
2.464000	1302.12
2.464000	1302.12
2.464000	1302.12
2.464000	1302.12
2.465000	1302.12
2.465000	1302.12
2.466187	1302.63
2.469000	1302.78
2.469000	1302.78
2.470000	1302.78
2.470000	1302.78
2.471813	1302.78
2.474000	1301.67
2.474000	1301.67
2.474000	1303.43
2.475000	1303.43
2.475000	1303.43
2.479000	1302.33
2.479000	1302.33
2.479000	1302.33
2.479625	1302.33
2.480000	1302.33
2.480000	1302.33
2.481812	1302.47
2.484000	1302.98
2.484000	1302.98
2.485000	1302.98
2.485000	1302.98
2.487438	1302.98
2.489000	1301.88
2.489000	1301.88
2.489625	1303.27
2.490000	1303.27
2.490000	1303.27
2.494000	1302.53
2.494000	1302.53
2.494000	1302.53
2.495000	1302.53
2.495000	1302.53
2.495250	1302.53
2.497437	1302.32
2.499000	1303.18
2.499000	1303.18
2.500000	1303.18
2.500000	1303.18
2.503063	1303.18
2.504000	1302.08
2.504000	1302.08
2.505000	1302.08
2.505000	1302.08
2.505250	1303.11
2.509000	1302.73
2.509000	1302.73
2.509000	1302.73
2.510000	1302.73
2.510000	1302.73
2.510875	1302.73
2.513062	1302.17
2.514000	1303.37
2.514000	1303.37
2.515000	1303.37
2.515000	1303.37
2.518688	1303.37
2.519000	1302.29
2.519000	1302.29
2.520000	1302.29
2.520000	1302.29
2.520875	1302.96
2.524000	1302.93
2.524000	1302.93
2.524000	1302.93
2.525000	1302.93
2.525000	1302.93
2.526500	1302.93
2.528687	1302.02
2.529000	1303.56
2.529000	1303.56
2.530000	1303.56
2.530000	1303.56
2.534000	1302.49
2.534000	1302.49
2.534000	1302.49
2.534313	1302.49
2.535000	1302.49
2.535000	1302.49
2.536500	1302.80
2.539000	1303.12
2.539000	1303.12
2.540000	1303.12
2.540000	1303.12
2.542125	1303.12
2.544000	1302.05
2.544000	1302.05
2.544312	1303.58
2.545000	1303.58
2.545000	1303.58
2.549000	1302.68
2.549000	1302.68
2.549000	1302.68
2.549938	1302.68
2.550000	1302.68
2.550000	1302.68
2.552125	1302.65
2.554000	1303.31
2.554000	1303.31
2.555000	1303.31
2.555000	1303.31
2.557750	1303.31
2.559000	1302.25
2.559000	1302.25
2.559937	1303.42
2.560000	1303.42
2.560000	1303.42
2.564000	1302.88
2.564000	1302.88
2.564000	1302.88
2.565000	1302.88
2.565000	1302.88
2.565563	1302.88
2.567750	1302.50
2.569000	1303.50
2.569000	1303.50
2.570000	1303.50
2.570000	1303.50
2.573375	1303.50
2.574000	1302.44
2.574000	1302.44
2.575000	1302.44
2.575000	1302.44
2.575562	1303.27
2.579000	1303.07
2.579000	1303.07
2.579000	1303.07
2.580000	1303.07
2.580000	1303.07
2.581188	1303.07
2.583375	1302.35
2.584000	1303.69
2.584000	1303.69
2.585000	1303.69
2.585000	1303.69
2.589000	1302.64
2.589000	1302.64
2.589000	1302.64
2.589000	1302.64
2.590000	1302.64
2.590000	1302.64
2.591187	1303.12
2.594000	1303.26
2.594000	1303.26
2.595000	1303.26
2.595000	1303.26
2.596813	1303.26
2.599000	1302.21
2.599000	1302.21
2.599000	1303.88
2.600000	1303.88
2.600000	1303.88
2.604000	1302.83
2.604000	1302.83
2.604000	1302.83
2.604625	1302.83
2.605000	1302.83
2.605000	1302.83
2.606812	1302.97
2.609000	1303.45
2.609000	1303.45
2.610000	1303.45
2.610000	1303.45
2.612438	1303.45
2.614000	1302.40
2.614000	1302.40
2.614625	1303.72
2.615000	1303.72
2.615000	1303.72
2.619000	1303.02
2.619000	1303.02
2.619000	1303.02
2.620000	1303.02
2.620000	1303.02
2.620250	1303.02
2.622437	1302.82
2.624000	1303.63
2.624000	1303.63
2.625000	1303.63
2.625000	1303.63
2.628063	1303.63
2.629000	1302.59
2.629000	1302.59
2.630000	1302.59
2.630000	1302.59
2.630250	1303.57
2.634000	1303.20
2.634000	1303.20
2.634000	1303.20
2.635000	1303.20
2.635000	1303.20
2.635875	1303.20
2.638062	1302.67
2.639000	1303.81
2.639000	1303.81
2.640000	1303.81
2.640000	1303.81
2.643688	1303.81
2.644000	1302.78
2.644000	1302.78
2.645000	1302.78
2.645000	1302.78
2.645875	1303.42
2.649000	1303.39
2.649000	1303.39
2.649000	1303.39
2.650000	1303.39
2.650000	1303.39
2.651500	1303.39
2.653687	1302.53
2.654000	1303.99
2.654000	1303.99
2.655000	1303.99
2.655000	1303.99
2.659000	1302.97
2.659000	1302.97
2.659000	1302.97
2.659313	1302.97
2.660000	1302.97
2.660000	1302.97
2.661500	1303.27
2.664000	1303.57
2.664000	1303.57
2.665000	1303.57
2.665000	1303.57
2.667125	1303.57
2.669000	1302.55
2.669000	1302.55
2.669312	1304.01
2.670000	1304.01
2.670000	1304.01
2.674000	1303.15
2.674000	1303.15
2.674000	1303.15
2.674938	1303.15
2.675000	1303.15
2.675000	1303.15
2.677125	1303.12
2.679000	1303.75
2.679000	1303.75
2.680000	1303.75
2.680000	1303.75
2.682750	1303.75
2.684000	1302.74
2.684000	1302.74
2.684937	1303.86
2.685000	1303.86
2.685000	1303.86
2.689000	1303.33
2.689000	1303.33
2.689000	1303.33
2.690000	1303.33
2.690000	1303.33
2.690563	1303.33
2.692750	1302.98
2.694000	1303.93
2.694000	1303.93
2.695000	1303.93
2.695000	1303.93
2.698375	1303.93
2.699000	1302.92
2.699000	1302.92
2.700000	1302.92
2.700000	1302.92
2.700562	1303.71
2.704000	1303.51
2.704000	1303.51
2.704000	1303.51
2.705000	1303.51
2.705000	1303.51
2.706188	1303.51
2.708375	1302.84
2.709000	1304.11
2.709000	1304.11
2.710000	1304.11
2.710000	1304.11
2.714000	1303.10
2.714000	1303.10
2.714000	1303.10
2.714000	1303.10
2.715000	1303.10
2.715000	1303.10
2.716187	1303.56
2.719000	1303.69
2.719000	1303.69
2.720000	1303.69
2.720000	1303.69
2.721813	1303.69
2.724000	1302.69
2.724000	1302.69
2.724000	1304.28
2.725000	1304.28
2.725000	1304.28
2.729000	1303.28
2.729000	1303.28
2.729000	1303.28
2.729625	1303.28
2.730000	1303.28
2.730000	1303.28
2.731812	1303.41
2.734000	1303.87
2.734000	1303.87
2.735000	1303.87
2.735000	1303.87
2.737438	1303.87
2.739000	1302.88
2.739000	1302.88
2.739625	1304.13
2.740000	1304.13
2.740000	1304.13
2.744000	1303.46
2.744000	1303.46
2.744000	1303.46
2.745000	1303.46
2.745000	1303.46
2.745250	1303.46
2.747437	1303.27
2.749000	1304.04
2.749000	1304.04
2.750000	1304.04
2.750000	1304.04
2.753063	1304.04
2.754000	1303.05
2.754000	1303.05
2.755000	1303.05
2.755000	1303.05
2.755250	1303.98
2.759000	1303.63
2.759000	1303.63
2.759000	1303.63
2.760000	1303.63
2.760000	1303.63
2.760875	1303.63
2.763062	1303.13
2.764000	1304.21
2.764000	1304.21
2.765000	1304.21
2.765000	1304.21
2.768688	1304.21
2.769000	1303.23
2.769000	1303.23
2.770000	1303.23
2.770000	1303.23
2.770875	1303.84
2.774000	1303.81
2.774000	1303.81
2.774000	1303.81
2.775000	1303.81
2.775000	1303.81
2.776500	1303.81
2.778687	1302.99
2.779000	1304.38
2.779000	1304.38
2.780000	1304.38
2.780000	1304.38
2.784000	1303.41
2.784000	1303.41
2.784000	1303.41
2.784313	1303.41
2.785000	1303.41
2.785000	1303.41
2.786500	1303.69
2.789000	1303.98
2.789000	1303.98
2.790000	1303.98
2.790000	1303.98
2.792125	1303.98
2.794000	1303.01
2.794000	1303.01
2.794312	1304.39
2.795000	1304.39
2.795000	1304.39
2.799000	1303.58
2.799000	1303.58
2.799000	1303.58
2.799938	1303.58
2.800000	1303.58
2.800000	1303.58
2.802125	1303.55
2.804000	1304.15
2.804000	1304.15
2.805000	1304.15
2.805000	1304.15
2.807750	1304.15
2.809000	1303.18
2.809000	1303.18
2.809937	1304.25
2.810000	1304.25
2.810000	1304.25
2.814000	1303.75
2.814000	1303.75
2.814000	1303.75
2.815000	1303.75
2.815000	1303.75
2.815563	1303.75
2.817750	1303.41
2.819000	1304.31
2.819000	1304.31
2.820000	1304.31
2.820000	1304.31
2.823375	1304.31
2.824000	1303.35
2.824000	1303.35
2.825000	1303.35
2.825000	1303.35
2.825562	1304.10
2.829000	1303.92
2.829000	1303.92
2.829000	1303.92
2.830000	1303.92
2.830000	1303.92
2.831188	1303.92
2.833375	1303.27
2.834000	1304.48
2.834000	1304.48
2.835000	1304.48
2.835000	1304.48
2.839000	1303.52
2.839000	1303.52
2.839000	1303.52
2.839000	1303.52
2.840000	1303.52
2.840000	1303.52
2.841187	1303.96
2.844000	1304.08
2.844000	1304.08
2.845000	1304.08
2.845000	1304.08
2.846813	1304.08
2.849000	1303.13
2.849000	1303.13
2.849000	1304.64
2.850000	1304.64
2.850000	1304.64
2.854000	1303.69
2.854000	1303.69
2.854000	1303.69
2.854625	1303.69
2.855000	1303.69
2.855000	1303.69
2.856812	1303.82
2.859000	1304.25
2.859000	1304.25
2.860000	1304.25
2.860000	1304.25
2.862438	1304.25
2.864000	1303.30
2.864000	1303.30
2.864625	1304.50
2.865000	1304.50
2.865000	1304.50
2.869000	1303.86
2.869000	1303.86
2.869000	1303.86
2.870000	1303.86
2.870000	1303.86
2.870250	1303.86
2.872437	1303.68
2.874000	1304.41
2.874000	1304.41
2.875000	1304.41
2.875000	1304.41
2.878063	1304.41
2.879000	1303.47
2.879000	1303.47
2.880000	1303.47
2.880000	1303.47
2.880250	1304.36
2.884000	1304.02
2.884000	1304.02
2.884000	1304.02
2.885000	1304.02
2.885000	1304.02
2.885875	1304.02
2.888062	1303.54
2.889000	1304.57
2.889000	1304.57
2.890000	1304.57
2.890000	1304.57
2.893688	1304.57
2.894000	1303.64
2.894000	1303.64
2.895000	1303.64
2.895000	1303.64
2.895875	1304.21
2.899000	1304.19
2.899000	1304.19
2.899000	1304.19
2.900000	1304.19
2.900000	1304.19
2.901500	1304.19
2.903687	1303.41
2.904000	1304.73
2.904000	1304.73
2.905000	1304.73
2.905000	1304.73
2.909000	1303.80
2.909000	1303.80
2.909000	1303.80
2.909313	1303.80
2.910000	1303.80
2.910000	1303.80
2.911500	1304.08
2.914000	1304.35
2.914000	1304.35
2.915000	1304.35
2.915000	1304.35
2.917125	1304.35
2.919000	1303.42
2.919000	1303.42
2.919312	1304.74
2.920000	1304.74
2.920000	1304.74
2.924000	1303.96
2.924000	1303.96
2.924000	1303.96
2.924938	1303.96
2.925000	1303.96
2.925000	1303.96
2.927125	1303.94
2.929000	1304.51
2.929000	1304.51
2.930000	1304.51
2.930000	1304.51
2.932750	1304.51
2.934000	1303.58
2.934000	1303.58
2.934937	1304.60
2.935000	1304.60
2.935000	1304.60
2.939000	1304.13
2.939000	1304.13
2.939000	1304.13
2.940000	1304.13
2.940000	1304.13
2.940563	1304.13
2.942750	1303.80
2.944000	1304.66
2.944000	1304.66
2.945000	1304.66
2.945000	1304.66
2.948375	1304.66
2.949000	1303.75
2.949000	1303.75
2.950000	1303.75
2.950000	1303.75
2.950562	1304.46
2.954000	1304.28
2.954000	1304.28
2.954000	1304.28
2.955000	1304.28
2.955000	1304.28
2.956188	1304.28
2.958375	1303.67
2.959000	1304.82
2.959000	1304.82
2.960000	1304.82
2.960000	1304.82
2.964000	1303.91
2.964000	1303.91
2.964000	1303.91
2.964000	1303.91
2.965000	1303.91
2.965000	1303.91
2.966187	1304.32
2.969000	1304.44
2.969000	1304.44
2.970000	1304.44
2.970000	1304.44
2.971813	1304.44
2.974000	1303.53
2.974000	1303.53
2.974000	1304.97
2.975000	1304.97
2.975000	1304.97
2.979000	1304.07
2.979000	1304.07
2.979000	1304.07
2.979625	1304.07
2.980000	1304.07
2.980000	1304.07
2.981812	1304.19
2.984000	1304.60
2.984000	1304.60
2.985000	1304.60
2.985000	1304.60
2.987438	1304.60
2.989000	1303.69
2.989000	1303.69
2.989625	1304.83
2.990000	1304.83
2.990000	1304.83
2.994000	1304.22
2.994000	1304.22
2.994000	1304.22
2.995000	1304.22
2.995000	1304.22
2.995250	1304.22
2.997437	1304.05
2.999000	1304.75
2.999000	1304.75
3.000000	1304.75
3.000000	1304.75
3.003063	1304.75
3.004000	1303.85
3.004000	1303.85
3.005000	1303.85
3.005000	1303.85
3.005250	1304.70
3.009000	1304.38
3.009000	1304.38
3.009000	1304.38
3.010000	1304.38
3.010000	1304.38
3.010875	1304.38
3.013062	1303.92
3.014000	1304.90
3.014000	1304.90
3.015000	1304.90
3.015000	1304.90
3.018688	1304.90
3.019000	1304.01
3.019000	1304.01
3.020000	1304.01
3.020000	1304.01
3.020875	1304.56
3.024000	1304.53
3.024000	1304.53
3.024000	1304.53
3.025000	1304.53
3.025000	1304.53
3.026500	1304.53
3.028687	1303.79
3.029000	1305.05
3.029000	1305.05
3.030000	1305.05
3.030000	1305.05
3.034000	1304.16
3.034000	1304.16
3.034000	1304.16
3.034313	1304.16
3.035000	1304.16
3.035000	1304.16
3.036500	1304.42
3.039000	1304.68
3.039000	1304.68
3.040000	1304.68
3.040000	1304.68
3.042125	1304.68
3.044000	1303.80
3.044000	1303.80
3.044312	1305.06
3.045000	1305.06
3.045000	1305.06
3.049000	1304.32
3.049000	1304.32
3.049000	1304.32
3.049938	1304.32
3.050000	1304.32
3.050000	1304.32
3.052125	1304.29
3.054000	1304.84
3.054000	1304.84
3.055000	1304.84
3.055000	1304.84
3.057750	1304.84
3.059000	1303.95
3.059000	1303.95
3.059937	1304.92
3.060000	1304.92
3.060000	1304.92
3.064000	1304.47
3.064000	1304.47
3.064000	1304.47
3.065000	1304.47
3.065000	1304.47
3.065563	1304.47
3.067750	1304.16
3.069000	1304.98
3.069000	1304.98
3.070000	1304.98
3.070000	1304.98
3.073375	1304.98
3.074000	1304.11
3.074000	1304.11
3.075000	1304.11
3.075000	1304.11
3.075562	1304.79
3.079000	1304.62
3.079000	1304.62
3.079000	1304.62
3.080000	1304.62
3.080000	1304.62
3.081188	1304.62
3.083375	1304.03
3.084000	1305.13
3.084000	1305.13
3.085000	1305.13
3.085000	1305.13
3.089000	1304.26
3.089000	1304.26
3.089000	1304.26
3.089000	1304.26
3.090000	1304.26
3.090000	1304.26
3.091187	1304.65
3.094000	1304.77
3.094000	1304.77
3.095000	1304.77
3.095000	1304.77
3.096813	1304.77
3.099000	1303.90
3.099000	1303.90
3.099000	1305.28
3.100000	1305.28
3.100000	1305.28
3.104000	1304.41
3.104000	1304.41
3.104000	1304.41
3.104625	1304.41
3.105000	1304.41
3.105000	1304.41
3.106812	1304.52
3.109000	1304.92
3.109000	1304.92
3.110000	1304.92
3.110000	1304.92
3.112438	1304.92
3.114000	1304.05
3.114000	1304.05
3.114625	1305.14
3.115000	1305.14
3.115000	1305.14
3.119000	1304.56
3.119000	1304.56
3.119000	1304.56
3.120000	1304.56
3.120000	1304.56
3.120250	1304.56
3.122437	1304.39
3.124000	1305.06
3.124000	1305.06
3.125000	1305.06
3.125000	1305.06
3.128063	1305.06
3.129000	1304.20
3.129000	1304.20
3.130000	1304.20
3.130000	1304.20
3.130250	1305.01
3.134000	1304.70
3.134000	1304.70
3.134000	1304.70
3.135000	1304.70
3.135000	1304.70
3.135875	1304.70
3.138062	1304.26
3.139000	1305.21
3.139000	1305.21
3.140000	1305.21
3.140000	1305.21
3.143688	1305.21
3.144000	1304.35
3.144000	1304.35
3.145000	1304.35
3.145000	1304.35
3.145875	1304.88
3.149000	1304.85
3.149000	1304.85
3.149000	1304.85
3.150000	1304.85
3.150000	1304.85
3.151500	1304.85
3.153687	1304.13
3.154000	1305.35
3.154000	1305.35
3.155000	1305.35
3.155000	1305.35
3.159000	1304.49
3.159000	1304.49
3.159000	1304.49
3.159313	1304.49
3.160000	1304.49
3.160000	1304.49
3.161500	1304.74
3.164000	1304.99
3.164000	1304.99
3.165000	1304.99
3.165000	1304.99
3.167125	1304.99
3.169000	1304.14
3.169000	1304.14
3.169312	1305.35
3.170000	1305.35
3.170000	1305.35
3.174000	1304.64
3.174000	1304.64
3.174000	1304.64
3.174938	1304.64
3.175000	1304.64
3.175000	1304.64
3.177125	1304.61
3.179000	1305.14
3.179000	1305.14
3.180000	1305.14
3.180000	1305.14
3.182750	1305.14
3.184000	1304.29
3.184000	1304.29
3.184937	1305.22
3.185000	1305.22
3.185000	1305.22
3.189000	1304.78
3.189000	1304.78
3.189000	1304.78
3.190000	1304.78
3.190000	1304.78
3.190563	1304.78
3.192750	1304.49
3.194000	1305.28
3.194000	1305.28
3.195000	1305.28
3.195000	1305.28
3.198375	1305.28
3.199000	1304.43
3.199000	1304.43
3.200000	1304.43
3.200000	1304.43
3.200562	1305.09
3.204000	1304.93
3.204000	1304.93
3.204000	1304.93
3.205000	1304.93
3.205000	1304.93
3.206188	1304.93
3.208375	1304.36
3.209000	1305.42
3.209000	1305.42
3.210000	1305.42
3.210000	1305.42
3.214000	1304.58
3.214000	1304.58
3.214000	1304.58
3.214000	1304.58
3.215000	1304.58
3.215000	1304.58
3.216187	1304.96
3.219000	1305.07
3.219000	1305.07
3.220000	1305.07
3.220000	1305.07
3.221813	1305.07
3.224000	1304.23
3.224000	1304.23
3.224000	1305.56
3.225000	1305.56
3.225000	1305.56
3.229000	1304.72
3.229000	1304.72
3.229000	1304.72
3.229625	1304.72
3.230000	1304.72
3.230000	1304.72
3.231812	1304.83
3.234000	1305.21
3.234000	1305.21
3.235000	1305.21
3.235000	1305.21
3.237438	1305.21
3.239000	1304.38
3.239000	1304.38
3.239625	1305.42
3.240000	1305.42
3.240000	1305.42
3.244000	1304.86
3.244000	1304.86
3.244000	1304.86
3.245000	1304.86
3.245000	1304.86
3.245250	1304.86
3.247437	1304.70
3.249000	1305.35
3.249000	1305.35
3.250000	1305.35
3.250000	1305.35
3.253063	1305.35
3.254000	1304.52
3.254000	1304.52
3.255000	1304.52
3.255000	1304.52
3.255250	1305.29
3.259000	1305.00
3.259000	1305.00
3.259000	1305.00
3.260000	1305.00
3.260000	1305.00
3.260875	1305.00
3.263062	1304.58
3.264000	1305.48
3.264000	1305.48
3.265000	1305.48
3.265000	1305.48
3.268688	1305.48
3.269000	1304.66
3.269000	1304.66
3.270000	1304.66
3.270000	1304.66
3.270875	1305.17
3.274000	1305.14
3.274000	1305.14
3.274000	1305.14
3.275000	1305.14
3.275000	1305.14
3.276500	1305.14
3.278687	1304.45
3.279000	1305.62
3.279000	1305.62
3.280000	1305.62
3.280000	1305.62
3.284000	1304.80
3.284000	1304.80
3.284000	1304.80
3.284313	1304.80
3.285000	1304.80
3.285000	1304.80
3.286500	1305.04
3.289000	1305.28
3.289000	1305.28
3.290000	1305.28
3.290000	1305.28
3.292125	1305.28
3.294000	1304.46
3.294000	1304.46
3.294312	1305.62
3.295000	1305.62
3.295000	1305.62
3.299000	1304.94
3.299000	1304.94
3.299000	1304.94
3.299938	1304.94
3.300000	1304.94
3.300000	1304.94
3.302125	1304.91
3.304000	1305.41
3.304000	1305.41
3.305000	1305.41
3.305000	1305.41
3.307750	1305.41
3.309000	1304.60
3.309000	1304.60
3.309937	1305.49
3.310000	1305.49
3.310000	1305.49
3.314000	1305.07
3.314000	1305.07
3.314000	1305.07
3.315000	1305.07
3.315000	1305.07
3.315563	1305.07
3.317750	1304.79
3.319000	1305.55
3.319000	1305.55
3.320000	1305.55
3.320000	1305.55
3.323375	1305.55
3.324000	1304.74
3.324000	1304.74
3.325000	1304.74
3.325000	1304.74
3.325562	1305.37
3.329000	1305.21
3.329000	1305.21
3.329000	1305.21
3.330000	1305.21
3.330000	1305.21
3.331188	1305.21
3.333375	1304.66
3.334000	1305.68
3.334000	1305.68
3.335000	1305.68
3.335000	1305.68
3.339000	1304.87
3.339000	1304.87
3.339000	1304.87
3.339000	1304.87
3.340000	1304.87
3.340000	1304.87
3.341187	1305.24
3.344000	1305.34
3.344000	1305.34
3.345000	1305.34
3.345000	1305.34
3.346813	1305.34
3.349000	1304.54
3.349000	1304.54
3.349000	1305.81
3.350000	1305.81
3.350000	1305.81
3.354000	1305.01
3.354000	1305.01
3.354000	1305.01
3.354625	1305.01
3.355000	1305.01
3.355000	1305.01
3.356812	1305.11
3.359000	1305.48
3.359000	1305.48
3.360000	1305.48
3.360000	1305.48
3.362438	1305.48
3.364000	1304.68
3.364000	1304.68
3.364625	1305.68
3.365000	1305.68
3.365000	1305.68
3.369000	1305.14
3.369000	1305.14
3.369000	1305.14
3.370000	1305.14
3.370000	1305.14
3.370250	1305.14
3.372437	1304.99
3.374000	1305.61
3.374000	1305.61
3.375000	1305.61
3.375000	1305.61
3.378063	1305.61
3.379000	1304.81
3.379000	1304.81
3.380000	1304.81
3.380000	1304.81
3.380250	1305.56
3.384000	1305.28
3.384000	1305.28
3.384000	1305.28
3.385000	1305.28
3.385000	1305.28
3.385875	1305.28
3.388062	1304.87
3.389000	1305.74
3.389000	1305.74
3.390000	1305.74
3.390000	1305.74
3.393688	1305.74
3.394000	1304.95
3.394000	1304.95
3.395000	1304.95
3.395000	1304.95
3.395875	1305.43
3.399000	1305.41
3.399000	1305.41
3.399000	1305.41
3.400000	1305.41
3.400000	1305.41
3.401500	1305.41
3.403687	1304.75
3.404000	1305.87
3.404000	1305.87
3.405000	1305.87
3.405000	1305.87
3.409000	1305.08
3.409000	1305.08
3.409000	1305.08
3.409313	1305.08
3.410000	1305.08
3.410000	1305.08
3.411500	1305.31
3.414000	1305.54
3.414000	1305.54
3.415000	1305.54
3.415000	1305.54
3.417125	1305.54
3.419000	1304.75
3.419000	1304.75
3.419312	1305.87
3.420000	1305.87
3.420000	1305.87
3.424000	1305.21
3.424000	1305.21
3.424000	1305.21
3.424938	1305.21
3.425000	1305.21
3.425000	1305.21
3.427125	1305.19
3.429000	1305.67
3.429000	1305.67
3.430000	1305.67
3.430000	1305.67
3.432750	1305.67
3.434000	1304.89
3.434000	1304.89
3.434937	1305.74
3.435000	1305.74
3.435000	1305.74
3.439000	1305.34
3.439000	1305.34
3.439000	1305.34
3.440000	1305.34
3.440000	1305.34
3.440563	1305.34
3.442750	1305.07
3.444000	1305.80
3.444000	1305.80
3.445000	1305.80
3.445000	1305.80
3.448375	1305.80
3.449000	1305.02
3.449000	1305.02
3.450000	1305.02
3.450000	1305.02
3.450562	1305.62
3.454000	1305.47
3.454000	1305.47
3.454000	1305.47
3.455000	1305.47
3.455000	1305.47
3.456188	1305.47
3.458375	1304.94
3.459000	1305.92
3.459000	1305.92
3.460000	1305.92
3.460000	1305.92
3.464000	1305.15
3.464000	1305.15
3.464000	1305.15
3.464000	1305.15
3.465000	1305.15
3.465000	1305.15
3.466187	1305.50
3.469000	1305.60
3.469000	1305.60
3.470000	1305.60
3.470000	1305.60
3.471813	1305.60
3.474000	1304.83
3.474000	1304.83
3.474000	1306.05
3.475000	1306.05
3.475000	1306.05
3.479000	1305.28
3.479000	1305.28
3.479000	1305.28
3.479625	1305.28
3.480000	1305.28
3.480000	1305.28
3.481812	1305.38
3.484000	1305.72
3.484000	1305.72
3.485000	1305.72
3.485000	1305.72
3.487438	1305.72
3.489000	1304.96
3.489000	1304.96
3.489625	1305.92
3.490000	1305.92
3.490000	1305.92
3.494000	1305.40
3.494000	1305.40
3.494000	1305.40
3.495000	1305.40
3.495000	1305.40
3.495250	1305.40
3.497437	1305.26
3.499000	1305.85
3.499000	1305.85
3.500000	1305.85
3.500000	1305.85
3.503063	1305.85
3.504000	1305.08
3.504000	1305.08
3.505000	1305.08
3.505000	1305.08
3.505250	1305.80
3.509000	1305.53
3.509000	1305.53
3.509000	1305.53
3.510000	1305.53
3.510000	1305.53
3.510875	1305.53
3.513062	1305.14
3.514000	1305.97
3.514000	1305.97
3.515000	1305.97
3.515000	1305.97
3.518688	1305.97
3.519000	1305.21
3.519000	1305.21
3.520000	1305.21
3.520000	1305.21
3.520875	1305.68
3.524000	1305.66
3.524000	1305.66
3.524000	1305.66
3.525000	1305.66
3.525000	1305.66
3.526500	1305.66
3.528687	1305.02
3.529000	1306.10
3.529000	1306.10
3.530000	1306.10
3.530000	1306.10
3.534000	1305.34
3.534000	1305.34
3.534000	1305.34
3.534313	1305.34
3.535000	1305.34
3.535000	1305.34
3.536500	1305.56
3.539000	1305.78
3.539000	1305.78
3.540000	1305.78
3.540000	1305.78
3.542125	1305.78
3.544000	1305.02
3.544000	1305.02
3.544312	1306.10
3.545000	1306.10
3.545000	1306.10
3.549000	1305.46
3.549000	1305.46
3.549000	1305.46
3.549938	1305.46
3.550000	1305.46
3.550000	1305.46
3.552125	1305.44
3.554000	1305.90
3.554000	1305.90
3.555000	1305.90
3.555000	1305.90
3.557750	1305.90
3.559000	1305.15
3.559000	1305.15
3.559937	1305.98
3.560000	1305.98
3.560000	1305.98
3.564000	1305.59
3.564000	1305.59
3.564000	1305.59
3.565000	1305.59
3.565000	1305.59
3.565563	1305.59
3.567750	1305.32
3.569000	1306.03
3.569000	1306.03
3.570000	1306.03
3.570000	1306.03
3.573375	1306.03
3.574000	1305.28
3.574000	1305.28
3.575000	1305.28
3.575000	1305.28
3.575562	1305.86
3.579000	1305.71
3.579000	1305.71
3.579000	1305.71
3.580000	1305.71
3.580000	1305.71
3.581188	1305.71
3.583375	1305.21
3.584000	1306.15
3.584000	1306.15
3.585000	1306.15
3.585000	1306.15
3.589000	1305.40
3.589000	1305.40
3.589000	1305.40
3.589000	1305.40
3.590000	1305.40
3.590000	1305.40
3.591187	1305.74
3.594000	1305.83
3.594000	1305.83
3.595000	1305.83
3.595000	1305.83
3.596813	1305.83
3.599000	1305.09
3.599000	1305.09
3.599000	1306.27
3.600000	1306.27
3.600000	1306.27
3.604000	1305.52
3.604000	1305.52
3.604000	1305.52
3.604625	1305.52
3.605000	1305.52
3.605000	1305.52
3.606812	1305.62
3.609000	1305.95
3.609000	1305.95
3.610000	1305.95
3.610000	1305.95
3.612438	1305.95
3.614000	1305.21
3.614000	1305.21
3.614625	1306.15
3.615000	1306.15
3.615000	1306.15
3.619000	1305.64
3.619000	1305.64
3.619000	1305.64
3.620000	1305.64
3.620000	1305.64
3.620250	1305.64
3.622437	1305.50
3.624000	1306.07
3.624000	1306.07
3.625000	1306.07
3.625000	1306.07
3.628063	1306.07
3.629000	1305.34
3.629000	1305.34
3.630000	1305.34
3.630000	1305.34
3.630250	1306.03
3.634000	1305.77
3.634000	1305.77
3.634000	1305.77
3.635000	1305.77
3.635000	1305.77
3.635875	1305.77
3.638062	1305.39
3.639000	1306.19
3.639000	1306.19
3.640000	1306.19
3.640000	1306.19
3.643688	1306.19
3.644000	1305.46
3.644000	1305.46
3.645000	1305.46
3.645000	1305.46
3.645875	1305.91
3.649000	1305.89
3.649000	1305.89
3.649000	1305.89
3.650000	1305.89
3.650000	1305.89
3.651500	1305.89
3.653687	1305.27
3.654000	1306.31
3.654000	1306.31
3.655000	1306.31
3.655000	1306.31
3.659000	1305.58
3.659000	1305.58
3.659000	1305.58
3.659313	1305.58
3.660000	1305.58
3.660000	1305.58
3.661500	1305.79
3.664000	1306.00
3.664000	1306.00
3.665000	1306.00
3.665000	1306.00
3.667125	1306.00
3.669000	1305.28
3.669000	1305.28
3.669312	1306.31
3.670000	1306.31
3.670000	1306.31
3.674000	1305.70
3.674000	1305.70
3.674000	1305.70
3.674938	1305.70
3.675000	1305.70
3.675000	1305.70
3.677125	1305.68
3.679000	1306.12
3.679000	1306.12
3.680000	1306.12
3.680000	1306.12
3.682750	1306.12
3.684000	1305.40
3.684000	1305.40
3.684937	1306.19
3.685000	1306.19
3.685000	1306.19
3.689000	1305.82
3.689000	1305.82
3.689000	1305.82
3.690000	1305.82
3.690000	1305.82
3.690563	1305.82
3.692750	1305.56
3.694000	1306.24
3.694000	1306.24
3.695000	1306.24
3.695000	1306.24
3.698375	1306.24
3.699000	1305.52
3.699000	1305.52
3.700000	1305.52
3.700000	1305.52
3.700562	1306.08
3.704000	1305.94
3.704000	1305.94
3.704000	1305.94
3.705000	1305.94
3.705000	1305.94
3.706188	1305.94
3.708375	1305.45
3.709000	1306.36
3.709000	1306.36
3.710000	1306.36
3.710000	1306.36
3.714000	1305.63
3.714000	1305.63
3.714000	1305.63
3.714000	1305.63
3.715000	1305.63
3.715000	1305.63
3.716187	1305.96
3.719000	1306.05
3.719000	1306.05
3.720000	1306.05
3.720000	1306.05
3.721813	1306.05
3.724000	1305.33
3.724000	1305.33
3.724000	1306.47
3.725000	1306.47
3.725000	1306.47
3.729000	1305.75
3.729000	1305.75
3.729000	1305.75
3.729625	1305.75
3.730000	1305.75
3.730000	1305.75
3.731812	1305.85
3.734000	1306.17
3.734000	1306.17
3.735000	1306.17
3.735000	1306.17
3.737438	1306.17
3.739000	1305.45
3.739000	1305.45
3.739625	1306.35
3.740000	1306.35
3.740000	1306.35
3.744000	1305.87
3.744000	1305.87
3.744000	1305.87
3.745000	1305.87
3.745000	1305.87
3.745250	1305.87
3.747437	1305.73
3.749000	1306.28
3.749000	1306.28
3.750000	1306.28
3.750000	1306.28
3.753063	1306.28
3.754000	1305.57
3.754000	1305.57
3.755000	1305.57
3.755000	1305.57
3.755250	1306.24
3.759000	1305.98
3.759000	1305.98
3.759000	1305.98
3.760000	1305.98
3.760000	1305.98
3.760875	1305.98
3.763062	1305.62
3.764000	1306.40
3.764000	1306.40
3.765000	1306.40
3.765000	1306.40
3.768688	1306.40
3.769000	1305.69
3.769000	1305.69
3.770000	1305.69
3.770000	1305.69
3.770875	1306.12
3.774000	1306.10
3.774000	1306.10
3.774000	1306.10
3.775000	1306.10
3.775000	1306.10
3.776500	1306.10
3.778687	1305.51
3.779000	1306.51
3.779000	1306.51
3.780000	1306.51
3.780000	1306.51
3.784000	1305.80
3.784000	1305.80
3.784000	1305.80
3.784313	1305.80
3.785000	1305.80
3.785000	1305.80
3.786500	1306.01
3.789000	1306.21
3.789000	1306.21
3.790000	1306.21
3.790000	1306.21
3.792125	1306.21
3.794000	1305.51
3.794000	1305.51
3.794312	1306.51
3.795000	1306.51
3.795000	1306.51
3.799000	1305.92
3.799000	1305.92
3.799000	1305.92
3.799938	1305.92
3.800000	1305.92
3.800000	1305.92
3.802125	1305.90
3.804000	1306.33
3.804000	1306.33
3.805000	1306.33
3.805000	1306.33
3.807750	1306.33
3.809000	1305.62
3.809000	1305.62
3.809937	1306.39
3.810000	1306.39
3.810000	1306.39
3.814000	1306.03
3.814000	1306.03
3.814000	1306.03
3.815000	1306.03
3.815000	1306.03
3.815563	1306.03
3.817750	1305.78
3.819000	1306.44
3.819000	1306.44
3.820000	1306.44
3.820000	1306.44
3.823375	1306.44
3.824000	1305.74
3.824000	1305.74
3.825000	1305.74
3.825000	1305.74
3.825562	1306.28
3.829000	1306.14
3.829000	1306.14
3.829000	1306.14
3.830000	1306.14
3.830000	1306.14
3.831188	1306.14
3.833375	1305.67
3.834000	1306.55
3.834000	1306.55
3.835000	1306.55
3.835000	1306.55
3.839000	1305.85
3.839000	1305.85
3.839000	1305.85
3.839000	1305.85
3.840000	1305.85
3.840000	1305.85
3.841187	1306.17
3.844000	1306.26
3.844000	1306.26
3.845000	1306.26
3.845000	1306.26
3.846813	1306.26
3.849000	1305.56
3.849000	1305.56
3.849000	1306.66
3.850000	1306.66
3.850000	1306.66
3.854000	1305.97
3.854000	1305.97
3.854000	1305.97
3.854625	1305.97
3.855000	1305.97
3.855000	1305.97
3.856812	1306.06
3.859000	1306.37
3.859000	1306.37
3.860000	1306.37
3.860000	1306.37
3.862438	1306.37
3.864000	1305.68
3.864000	1305.68
3.864625	1306.55
3.865000	1306.55
3.865000	1306.55
3.869000	1306.08
3.869000	1306.08
3.869000	1306.08
3.870000	1306.08
3.870000	1306.08
3.870250	1306.08
3.872437	1305.94
3.874000	1306.48
3.874000	1306.48
3.875000	1306.48
3.875000	1306.48
3.878063	1306.48
3.879000	1305.79
3.879000	1305.79
3.880000	1305.79
3.880000	1305.79
3.880250	1306.43
3.884000	1306.19
3.884000	1306.19
3.884000	1306.19
3.885000	1306.19
3.885000	1306.19
3.885875	1306.19
3.888062	1305.83
3.889000	1306.59
3.889000	1306.59
3.890000	1306.59
3.890000	1306.59
3.893688	1306.59
3.894000	1305.90
3.894000	1305.90
3.895000	1305.90
3.895000	1305.90
3.895875	1306.32
3.899000	1306.30
3.899000	1306.30
3.899000	1306.30
3.900000	1306.30
3.900000	1306.30
3.901500	1306.30
3.903687	1305.73
3.904000	1306.70
3.904000	1306.70
3.905000	1306.70
3.905000	1306.70
3.909000	1306.01
3.909000	1306.01
3.909000	1306.01
3.909313	1306.01
3.910000	1306.01
3.910000	1306.01
3.911500	1306.21
3.914000	1306.41
3.914000	1306.41
3.915000	1306.41
3.915000	1306.41
3.917125	1306.41
3.919000	1305.73
3.919000	1305.73
3.919312	1306.69
3.920000	1306.69
3.920000	1306.69
3.924000	1306.12
3.924000	1306.12
3.924000	1306.12
3.924938	1306.12
3.925000	1306.12
3.925000	1306.12
3.927125	1306.10
3.929000	1306.52
3.929000	1306.52
3.930000	1306.52
3.930000	1306.52
3.932750	1306.52
3.934000	1305.84
3.934000	1305.84
3.934937	1306.58
3.935000	1306.58
3.935000	1306.58
3.939000	1306.23
3.939000	1306.23
3.939000	1306.23
3.940000	1306.23
3.940000	1306.23
3.940563	1306.23
3.942750	1305.99
3.944000	1306.62
3.944000	1306.62
3.945000	1306.62
3.945000	1306.62
3.948375	1306.62
3.949000	1305.95
3.949000	1305.95
3.950000	1305.95
3.950000	1305.95
3.950562	1306.47
3.954000	1306.34
3.954000	1306.34
3.954000	1306.34
3.955000	1306.34
3.955000	1306.34
3.956188	1306.34
3.958375	1305.88
3.959000	1306.73
3.959000	1306.73
3.960000	1306.73
3.960000	1306.73
3.964000	1306.06
3.964000	1306.06
3.964000	1306.06
3.964000	1306.06
3.965000	1306.06
3.965000	1306.06
3.966187	1306.36
3.969000	1306.45
3.969000	1306.45
3.970000	1306.45
3.970000	1306.45
3.971813	1306.45
3.974000	1305.78
3.974000	1305.78
3.974000	1306.84
3.975000	1306.84
3.975000	1306.84
3.979000	1306.17
3.979000	1306.17
3.979000	1306.17
3.979625	1306.17
3.980000	1306.17
3.980000	1306.17
3.981812	1306.25
3.984000	1306.55
3.984000	1306.55
3.985000	1306.55
3.985000	1306.55
3.987438	1306.55
3.989000	1305.89
3.989000	1305.89
3.989625	1306.73
3.990000	1306.73
3.990000	1306.73
3.994000	1306.27
3.994000	1306.27
3.994000	1306.27
3.995000	1306.27
3.995000	1306.27
3.995250	1306.27
3.997437	1306.14
3.999000	1306.66
3.999000	1306.66
4.000000	1306.66
4.000000	1306.66
4.003063	1306.66
4.004000	1305.99
4.004000	1305.99
4.005000	1305.99
4.005000	1305.99
4.005250	1306.62
4.009000	1306.38
4.009000	1306.38
4.009000	1306.38
4.010000	1306.38
4.010000	1306.38
4.010875	1306.38
4.013063	1306.04
4.014000	1306.76
4.014000	1306.76
4.015000	1306.76
4.015000	1306.76
4.018688	1306.76
4.019000	1306.10
4.019000	1306.10
4.020000	1306.10
4.020000	1306.10
4.020875	1306.51
4.024000	1306.49
4.024000	1306.49
4.024000	1306.49
4.025000	1306.49
4.025000	1306.49
4.026500	1306.49
4.028688	1305.93
4.029000	1306.87
4.029000	1306.87
4.030000	1306.87
4.030000	1306.87
4.034000	1306.21
4.034000	1306.21
4.034000	1306.21
4.034313	1306.21
4.035000	1306.21
4.035000	1306.21
4.036500	1306.40
4.039000	1306.59
4.039000	1306.59
4.040000	1306.59
4.040000	1306.59
4.042125	1306.59
4.044000	1305.93
4.044000	1305.93
4.044313	1306.87
4.045000	1306.87
4.045000	1306.87
4.049000	1306.31
4.049000	1306.31
4.049000	1306.31
4.049938	1306.31
4.050000	1306.31
4.050000	1306.31
4.052125	1306.29
4.054000	1306.69
4.054000	1306.69
4.055000	1306.69
4.055000	1306.69
4.057750	1306.69
4.059000	1306.04
4.059000	1306.04
4.059938	1306.76
4.060000	1306.76
4.060000	1306.76
4.064000	1306.42
4.064000	1306.42
4.064000	1306.42
4.065000	1306.42
4.065000	1306.42
4.065563	1306.42
4.067750	1306.19
4.069000	1306.80
4.069000	1306.80
4.070000	1306.80
4.070000	1306.80
4.073375	1306.80
4.074000	1306.14
4.074000	1306.14
4.075000	1306.14
4.075000	1306.14
4.075563	1306.65
4.079000	1306.52
4.079000	1306.52
4.079000	1306.52
4.080000	1306.52
4.080000	1306.52
4.081188	1306.52
4.083375	1306.08
4.084000	1306.90
4.084000	1306.90
4.085000	1306.90
4.085000	1306.90
4.089000	1306.25
4.089000	1306.25
4.089000	1306.25
4.089000	1306.25
4.090000	1306.25
4.090000	1306.25
4.091188	1306.54
4.094000	1306.63
4.094000	1306.63
4.095000	1306.63
4.095000	1306.63
4.096813	1306.63
4.099000	1305.98
4.099000	1305.98
4.099000	1307.00
4.100000	1307.00
4.100000	1307.00
4.104000	1306.35
4.104000	1306.35
4.104000	1306.35
4.104625	1306.35
4.105000	1306.35
4.105000	1306.35
4.106813	1306.44
4.109000	1306.73
4.109000	1306.73
4.110000	1306.73
4.110000	1306.73
4.112438	1306.73
4.114000	1306.08
4.114000	1306.08
4.114625	1306.89
4.115000	1306.89
4.115000	1306.89
4.119000	1306.46
4.119000	1306.46
4.119000	1306.46
4.120000	1306.46
4.120000	1306.46
4.120250	1306.46
4.122438	1306.33
4.124000	1306.83
4.124000	1306.83
4.125000	1306.83
4.125000	1306.83
4.128063	1306.83
4.129000	1306.18
4.129000	1306.18
4.130000	1306.18
4.130000	1306.18
4.130250	1306.79
4.134000	1306.56
4.134000	1306.56
4.134000	1306.56
4.135000	1306.56
4.135000	1306.56
4.135875	1306.56
4.138063	1306.23
4.139000	1306.93
4.139000	1306.93
4.140000	1306.93
4.140000	1306.93
4.143688	1306.93
4.144000	1306.29
4.144000	1306.29
4.145000	1306.29
4.145000	1306.29
4.145875	1306.68
4.149000	1306.66
4.149000	1306.66
4.149000	1306.66
4.150000	1306.66
4.150000	1306.66
4.151500	1306.66
4.153688	1306.12
4.154000	1307.03
4.154000	1307.03
4.155000	1307.03
4.155000	1307.03
4.159000	1306.39
4.159000	1306.39
4.159000	1306.39
4.159313	1306.39
4.160000	1306.39
4.160000	1306.39
4.161500	1306.58
4.164000	1306.76
4.164000	1306.76
4.165000	1306.76
4.165000	1306.76
4.167125	1306.76
4.169000	1306.12
4.169000	1306.12
4.169313	1307.03
4.170000	1307.03
4.170000	1307.03
4.174000	1306.49
4.174000	1306.49
4.174000	1306.49
4.174938	1306.49
4.175000	1306.49
4.175000	1306.49
4.177125	1306.47
4.179000	1306.86
4.179000	1306.86
4.180000	1306.86
4.180000	1306.86
4.182750	1306.86
4.184000	1306.22
4.184000	1306.22
4.184938	1306.92
4.185000	1306.92
4.185000	1306.92
4.189000	1306.59
4.189000	1306.59
4.189000	1306.59
4.190000	1306.59
4.190000	1306.59
4.190563	1306.59
4.192750	1306.37
4.194000	1306.96
4.194000	1306.96
4.195000	1306.96
4.195000	1306.96
4.198375	1306.96
4.199000	1306.33
4.199000	1306.33
4.200000	1306.33
4.200000	1306.33
4.200563	1306.82
4.204000	1306.69
4.204000	1306.69
4.204000	1306.69
4.205000	1306.69
4.205000	1306.69
4.206188	1306.69
4.208375	1306.27
4.209000	1307.06
4.209000	1307.06
4.210000	1307.06
4.210000	1307.06
4.214000	1306.43
4.214000	1306.43
4.214000	1306.43
4.214000	1306.43
4.215000	1306.43
4.215000	1306.43
4.216188	1306.71
4.219000	1306.79
4.219000	1306.79
4.220000	1306.79
4.220000	1306.79
4.221813	1306.79
4.224000	1306.16
4.224000	1306.16
4.224000	1307.16
4.225000	1307.16
4.225000	1307.16
4.229000	1306.53
4.229000	1306.53
4.229000	1306.53
4.229625	1306.53
4.230000	1306.53
4.230000	1306.53
4.231813	1306.61
4.234000	1306.89
4.234000	1306.89
4.235000	1306.89
4.235000	1306.89
4.237438	1306.89
4.239000	1306.26
4.239000	1306.26
4.239625	1307.05
4.240000	1307.05
4.240000	1307.05
4.244000	1306.63
4.244000	1306.63
4.244000	1306.63
4.245000	1306.63
4.245000	1306.63
4.245250	1306.63
4.247438	1306.51
4.249000	1306.99
4.249000	1306.99
4.250000	1306.99
4.250000	1306.99
4.253063	1306.99
4.254000	1306.36
4.254000	1306.36
4.255000	1306.36
4.255000	1306.36
4.255250	1306.95
4.259000	1306.73
4.259000	1306.73
4.259000	1306.73
4.260000	1306.73
4.260000	1306.73
4.260875	1306.73
4.263063	1306.40
4.264000	1307.09
4.264000	1307.09
4.265000	1307.09
4.265000	1307.09
4.268688	1307.09
4.269000	1306.46
4.269000	1306.46
4.270000	1306.46
4.270000	1306.46
4.270875	1306.84
4.274000	1306.82
4.274000	1306.82
4.274000	1306.82
4.275000	1306.82
4.275000	1306.82
4.276500	1306.82
4.278688	1306.30
4.279000	1307.18
4.279000	1307.18
4.280000	1307.18
4.280000	1307.18
4.284000	1306.56
4.284000	1306.56
4.284000	1306.56
4.284313	1306.56
4.285000	1306.56
4.285000	1306.56
4.286500	1306.74
4.289000	1306.92
4.289000	1306.92
4.290000	1306.92
4.290000	1306.92
4.292125	1306.92
4.294000	1306.30
4.294000	1306.30
4.294313	1307.18
4.295000	1307.18
4.295000	1307.18
4.299000	1306.66
4.299000	1306.66
4.299000	1306.66
4.299938	1306.66
4.300000	1306.66
4.300000	1306.66
4.302125	1306.64
4.304000	1307.02
4.304000	1307.02
4.305000	1307.02
4.305000	1307.02
4.307750	1307.02
4.309000	1306.40
4.309000	1306.40
4.309938	1307.08
4.310000	1307.08
4.310000	1307.08
4.314000	1306.76
4.314000	1306.76
4.314000	1306.76
4.315000	1306.76
4.315000	1306.76
4.315563	1306.76
4.317750	1306.54
4.319000	1307.11
4.319000	1307.11
4.320000	1307.11
4.320000	1307.11
4.323375	1307.11
4.324000	1306.50
4.324000	1306.50
4.325000	1306.50
4.325000	1306.50
4.325563	1306.97
4.329000	1306.85
4.329000	1306.85
4.329000	1306.85
4.330000	1306.85
4.330000	1306.85
4.331188	1306.85
4.333375	1306.44
4.334000	1307.21
4.334000	1307.21
4.335000	1307.21
4.335000	1307.21
4.339000	1306.60
4.339000	1306.60
4.339000	1306.60
4.339000	1306.60
4.340000	1306.60
4.340000	1306.60
4.341188	1306.87
4.344000	1306.95
4.344000	1306.95
4.345000	1306.95
4.345000	1306.95
4.346813	1306.95
4.349000	1306.34
4.349000	1306.34
4.349000	1307.30
4.350000	1307.30
4.350000	1307.30
4.354000	1306.69
4.354000	1306.69
4.354000	1306.69
4.354625	1306.69
4.355000	1306.69
4.355000	1306.69
4.356813	1306.77
4.359000	1307.04
4.359000	1307.04
4.360000	1307.04
4.360000	1307.04
4.362438	1307.04
4.364000	1306.44
4.364000	1306.44
4.364625	1307.20
4.365000	1307.20
4.365000	1307.20
4.369000	1306.79
4.369000	1306.79
4.369000	1306.79
4.370000	1306.79
4.370000	1306.79
4.370250	1306.79
4.372438	1306.67
4.374000	1307.14
4.374000	1307.14
4.375000	1307.14
4.375000	1307.14
4.378063	1307.14
4.379000	1306.53
4.379000	1306.53
4.380000	1306.53
4.380000	1306.53
4.380250	1307.10
4.384000	1306.88
4.384000	1306.88
4.384000	1306.88
4.385000	1306.88
4.385000	1306.88
4.385875	1306.88
4.388063	1306.57
4.389000	1307.23
4.389000	1307.23
4.390000	1307.23
4.390000	1307.23
4.393688	1307.23
4.394000	1306.63
4.394000	1306.63
4.395000	1306.63
4.395000	1306.63
4.395875	1307.00
4.399000	1306.98
4.399000	1306.98
4.399000	1306.98
4.400000	1306.98
4.400000	1306.98
4.401500	1306.98
4.403688	1306.47
4.404000	1307.33
4.404000	1307.33
4.405000	1307.33
4.405000	1307.33
4.409000	1306.72
4.409000	1306.72
4.409000	1306.72
4.409313	1306.72
4.410000	1306.72
4.410000	1306.72
4.411500	1306.90
4.414000	1307.07
4.414000	1307.07
4.415000	1307.07
4.415000	1307.07
4.417125	1307.07
4.419000	1306.47
4.419000	1306.47
4.419313	1307.32
4.420000	1307.32
4.420000	1307.32
4.424000	1306.82
4.424000	1306.82
4.424000	1306.82
4.424938	1306.82
4.425000	1306.82
4.425000	1306.82
4.427125	1306.80
4.429000	1307.16
4.429000	1307.16
4.430000	1307.16
4.430000	1307.16
4.432750	1307.16
4.434000	1306.57
4.434000	1306.57
4.434938	1307.22
4.435000	1307.22
4.435000	1307.22
4.439000	1306.91
4.439000	1306.91
4.439000	1306.91
4.440000	1306.91
4.440000	1306.91
4.440563	1306.91
4.442750	1306.70
4.444000	1307.26
4.444000	1307.26
4.445000	1307.26
4.445000	1307.26
4.448375	1307.26
4.449000	1306.66
4.449000	1306.66
4.450000	1306.66
4.450000	1306.66
4.450563	1307.12
4.454000	1307.01
4.454000	1307.01
4.454000	1307.01
4.455000	1307.01
4.455000	1307.01
4.456188	1307.01
4.458375	1306.60
4.459000	1307.35
4.459000	1307.35
4.460000	1307.35
4.460000	1307.35
4.464000	1306.75
4.464000	1306.75
4.464000	1306.75
4.464000	1306.75
4.465000	1306.75
4.465000	1306.75
4.466188	1307.02
4.469000	1307.10
4.469000	1307.10
4.470000	1307.10
4.470000	1307.10
4.471813	1307.10
4.474000	1306.50
4.474000	1306.50
4.474000	1307.44
4.475000	1307.44
4.475000	1307.44
4.479000	1306.85
4.479000	1306.85
4.479000	1306.85
4.479625	1306.85
4.480000	1306.85
4.480000	1306.85
4.481813	1306.92
4.484000	1307.19
4.484000	1307.19
4.485000	1307.19
4.485000	1307.19
4.487438	1307.19
4.489000	1306.60
4.489000	1306.60
4.489625	1307.34
4.490000	1307.34
4.490000	1307.34
4.494000	1306.94
4.494000	1306.94
4.494000	1306.94
4.495000	1306.94
4.495000	1306.94
4.495250	1306.94
4.497438	1306.83
4.499000	1307.28
4.499000	1307.28
4.500000	1307.28
4.500000	1307.28
4.503063	1307.28
4.504000	1306.69
4.504000	1306.69
4.505250	1307.24
4.509000	1307.03
4.509000	1307.03
4.509000	1307.03
4.510875	1307.03
4.513063	1306.73
4.514000	1307.37
4.514000	1307.37
4.518688	1307.37
4.520875	1306.22
4.526500	1306.22
4.528688	1304.78
4.534313	1304.78
4.536500	1303.36
4.542125	1303.36
4.544313	1301.93
4.552125	1300.51
4.559938	1299.10
