0.114000 0.571429 
0.122000 1.000000 
0.130000 1.000000 
0.138000 1.000000 
0.146000 1.000000 
0.154000 1.000000 
0.162000 1.000000 
0.170000 1.000000 
0.178000 1.000000 
0.186000 1.000000 
0.194000 1.000000 
0.202000 1.000000 
0.210000 1.000000 
0.218000 1.000000 
0.226000 1.000000 
0.234000 1.000000 
0.242000 1.000000 
0.250000 1.000000 
0.258000 1.000000 
0.266000 1.000000 
0.274000 1.000000 
0.282000 1.000000 
0.290000 1.000000 
0.298000 1.000000 
0.306000 1.000000 
0.314000 1.000000 
0.322000 1.000000 
0.330000 1.000000 
0.338000 1.000000 
0.346000 1.000000 
0.354000 1.000000 
0.362000 1.000000 
0.370000 1.000000 
0.378000 1.000000 
0.386000 1.000000 
0.394000 1.000000 
0.402000 1.000000 
0.410000 1.000000 
0.418000 1.000000 
0.426000 1.000000 
0.434000 1.000000 
0.442000 1.000000 
0.450000 1.000000 
0.458000 1.000000 
0.466000 1.000000 
0.474000 1.000000 
0.482000 1.000000 
0.490000 1.000000 
0.498000 1.000000 
0.506000 1.000000 
0.514000 1.000000 
0.522000 1.000000 
0.530000 1.000000 
0.538000 1.000000 
0.546000 1.000000 
0.554000 1.000000 
0.562000 1.000000 
0.570000 1.000000 
0.578000 1.000000 
0.586000 1.000000 
0.594000 1.000000 
0.602000 1.000000 
0.610000 1.000000 
0.618000 1.000000 
0.626000 1.000000 
0.634000 1.000000 
0.642000 1.000000 
0.650000 1.000000 
0.658000 1.000000 
0.666000 1.000000 
0.674000 1.000000 
0.682000 1.000000 
0.690000 1.000000 
0.698000 1.000000 
0.706000 1.000000 
0.714000 1.000000 
0.722000 1.000000 
0.730000 1.000000 
0.738000 1.000000 
0.746000 1.000000 
0.754000 1.000000 
0.762000 1.000000 
0.770000 1.000000 
0.778000 1.000000 
0.786000 1.000000 
0.794000 1.000000 
0.802000 1.000000 
0.810000 1.000000 
0.818000 1.000000 
0.826000 1.000000 
0.834000 1.000000 
0.842000 1.000000 
0.850000 1.000000 
0.858000 1.000000 
0.866000 1.000000 
0.874000 1.000000 
0.882000 1.000000 
0.890000 1.000000 
0.898000 1.000000 
0.906000 1.000000 
0.914000 1.000000 
0.922000 1.000000 
0.930000 1.000000 
0.938000 1.000000 
0.946000 1.000000 
0.954000 1.000000 
0.962000 1.000000 
0.970000 1.000000 
0.978000 1.000000 
0.986000 1.000000 
0.994000 1.000000 
1.002000 1.000000 
1.010000 1.000000 
1.018000 1.000000 
1.026000 1.000000 
1.034000 1.000000 
1.042000 1.000000 
1.050000 1.000000 
1.058000 1.000000 
1.066000 1.000000 
1.074000 1.000000 
1.082000 1.000000 
1.090000 1.000000 
1.098000 1.000000 
1.106000 1.000000 
1.114000 1.000000 
1.122000 1.000000 
1.130000 1.000000 
1.138000 1.000000 
1.146000 1.000000 
1.154000 1.000000 
1.162000 1.000000 
1.170000 1.000000 
1.178000 1.000000 
1.186000 1.000000 
1.194000 1.000000 
1.202000 1.000000 
1.210000 1.000000 
1.218000 1.000000 
1.226000 1.000000 
1.234000 1.000000 
1.242000 1.000000 
1.250000 1.000000 
1.258000 1.000000 
1.266000 1.000000 
1.274000 1.000000 
1.282000 1.000000 
1.290000 1.000000 
1.298000 1.000000 
1.306000 1.000000 
1.314000 1.000000 
1.322000 1.000000 
1.330000 1.000000 
1.338000 1.000000 
1.346000 1.000000 
1.354000 1.000000 
1.362000 1.000000 
1.370000 1.000000 
1.378000 1.000000 
1.386000 1.000000 
1.394000 1.000000 
1.402000 1.000000 
1.410000 1.000000 
1.418000 1.000000 
1.426000 1.000000 
1.434000 1.000000 
1.442000 1.000000 
1.450000 1.000000 
1.458000 1.000000 
1.466000 1.000000 
1.474000 1.000000 
1.482000 1.000000 
1.490000 1.000000 
1.498000 1.000000 
1.506000 1.000000 
1.514000 1.000000 
1.522000 1.000000 
1.530000 1.000000 
1.538000 1.000000 
1.546000 1.000000 
1.554000 1.000000 
1.562000 1.000000 
1.570000 1.000000 
1.578000 1.000000 
1.586000 1.000000 
1.594000 1.000000 
1.602000 1.000000 
1.610000 1.000000 
1.618000 1.000000 
1.626000 1.000000 
1.634000 1.000000 
1.642000 1.000000 
1.650000 1.000000 
1.658000 1.000000 
1.666000 1.000000 
1.674000 1.000000 
1.682000 1.000000 
1.690000 1.000000 
1.698000 1.000000 
1.706000 1.000000 
1.714000 1.000000 
1.722000 1.000000 
1.730000 1.000000 
1.738000 1.000000 
1.746000 1.000000 
1.754000 1.000000 
1.762000 1.000000 
1.770000 1.000000 
1.778000 1.000000 
1.786000 1.000000 
1.794000 1.000000 
1.802000 1.000000 
1.810000 1.000000 
1.818000 1.000000 
1.826000 1.000000 
1.834000 1.000000 
1.842000 1.000000 
1.850000 1.000000 
1.858000 1.000000 
1.866000 1.000000 
1.874000 1.000000 
1.882000 1.000000 
1.890000 1.000000 
1.898000 1.000000 
1.906000 1.000000 
1.914000 1.000000 
1.922000 1.000000 
1.930000 1.000000 
1.938000 1.000000 
1.946000 1.000000 
1.954000 1.000000 
1.962000 1.000000 
1.970000 1.000000 
1.978000 1.000000 
1.986000 1.000000 
1.994000 1.000000 
2.002000 1.000000 
2.010000 1.000000 
2.018000 1.000000 
2.026000 1.000000 
2.034000 1.000000 
2.042000 1.000000 
2.050000 1.000000 
2.058000 1.000000 
2.066000 1.000000 
2.074000 1.000000 
2.082000 1.000000 
2.090000 1.000000 
2.098000 1.000000 
2.106000 1.000000 
2.114000 1.000000 
2.122000 1.000000 
2.130000 1.000000 
2.138000 1.000000 
2.146000 1.000000 
2.154000 1.000000 
2.162000 1.000000 
2.170000 1.000000 
2.178000 1.000000 
2.186000 1.000000 
2.194000 1.000000 
2.202000 1.000000 
2.210000 1.000000 
2.218000 1.000000 
2.226000 1.000000 
2.234000 1.000000 
2.242000 1.000000 
2.250000 1.000000 
2.258000 1.000000 
2.266000 1.000000 
2.274000 1.000000 
2.282000 1.000000 
2.290000 1.000000 
2.298000 1.000000 
2.306000 1.000000 
2.314000 1.000000 
2.322000 1.000000 
2.330000 1.000000 
2.338000 1.000000 
2.346000 1.000000 
2.354000 1.000000 
2.362000 1.000000 
2.370000 1.000000 
2.378000 1.000000 
2.386000 1.000000 
2.394000 1.000000 
2.402000 1.000000 
2.410000 1.000000 
2.418000 1.000000 
2.426000 1.000000 
2.434000 1.000000 
2.442000 1.000000 
2.450000 1.000000 
2.458000 1.000000 
2.466000 1.000000 
2.474000 1.000000 
2.482000 1.000000 
2.490000 1.000000 
2.498000 1.000000 
2.506000 1.000000 
2.514000 1.000000 
2.522000 1.000000 
2.530000 1.000000 
2.538000 1.000000 
2.546000 1.000000 
2.554000 1.000000 
2.562000 1.000000 
2.570000 1.000000 
2.578000 1.000000 
2.586000 1.000000 
2.594000 1.000000 
2.602000 1.000000 
2.610000 1.000000 
2.618000 1.000000 
2.626000 1.000000 
2.634000 1.000000 
2.642000 1.000000 
2.650000 1.000000 
2.658000 1.000000 
2.666000 1.000000 
2.674000 1.000000 
2.682000 1.000000 
2.690000 1.000000 
2.698000 1.000000 
2.706000 1.000000 
2.714000 1.000000 
2.722000 1.000000 
2.730000 1.000000 
2.738000 1.000000 
2.746000 1.000000 
2.754000 1.000000 
2.762000 1.000000 
2.770000 1.000000 
2.778000 1.000000 
2.786000 1.000000 
2.794000 1.000000 
2.802000 1.000000 
2.810000 1.000000 
2.818000 1.000000 
2.826000 1.000000 
2.834000 1.000000 
2.842000 1.000000 
2.850000 1.000000 
2.858000 1.000000 
2.866000 1.000000 
2.874000 1.000000 
2.882000 1.000000 
2.890000 1.000000 
2.898000 1.000000 
2.906000 1.000000 
2.914000 1.000000 
2.922000 1.000000 
2.930000 1.000000 
2.938000 1.000000 
2.946000 1.000000 
2.954000 1.000000 
2.962000 1.000000 
2.970000 1.000000 
2.978000 1.000000 
2.986000 1.000000 
2.994000 1.000000 
3.002000 1.000000 
3.010000 1.000000 
3.018000 1.000000 
3.026000 1.000000 
3.034000 1.000000 
3.042000 1.000000 
3.050000 1.000000 
3.058000 1.000000 
3.066000 1.000000 
3.074000 1.000000 
3.082000 1.000000 
3.090000 1.000000 
3.098000 1.000000 
3.106000 1.000000 
3.114000 1.000000 
3.122000 1.000000 
3.130000 1.000000 
3.138000 1.000000 
3.146000 1.000000 
3.154000 1.000000 
3.162000 1.000000 
3.170000 1.000000 
3.178000 1.000000 
3.186000 1.000000 
3.194000 1.000000 
3.202000 1.000000 
3.210000 1.000000 
3.218000 1.000000 
3.226000 1.000000 
3.234000 1.000000 
3.242000 1.000000 
3.250000 1.000000 
3.258000 1.000000 
3.266000 1.000000 
3.274000 1.000000 
3.282000 1.000000 
3.290000 1.000000 
3.298000 1.000000 
3.306000 1.000000 
3.314000 1.000000 
3.322000 1.000000 
3.330000 1.000000 
3.338000 1.000000 
3.346000 1.000000 
3.354000 1.000000 
3.362000 1.000000 
3.370000 1.000000 
3.378000 1.000000 
3.386000 1.000000 
3.394000 1.000000 
3.402000 1.000000 
3.410000 1.000000 
3.418000 1.000000 
3.426000 1.000000 
3.434000 1.000000 
3.442000 1.000000 
3.450000 1.000000 
3.458000 1.000000 
3.466000 1.000000 
3.474000 1.000000 
3.482000 1.000000 
3.490000 1.000000 
3.498000 1.000000 
3.506000 1.000000 
3.514000 1.000000 
3.522000 1.000000 
3.530000 1.000000 
3.538000 1.000000 
3.546000 1.000000 
3.554000 1.000000 
3.562000 1.000000 
3.570000 1.000000 
3.578000 1.000000 
3.586000 1.000000 
3.594000 1.000000 
3.602000 1.000000 
3.610000 1.000000 
3.618000 1.000000 
3.626000 1.000000 
3.634000 1.000000 
3.642000 1.000000 
3.650000 1.000000 
3.658000 1.000000 
3.666000 1.000000 
3.674000 1.000000 
3.682000 1.000000 
3.690000 1.000000 
3.698000 1.000000 
3.706000 1.000000 
3.714000 1.000000 
3.722000 1.000000 
3.730000 1.000000 
3.738000 1.000000 
3.746000 1.000000 
3.754000 1.000000 
3.762000 1.000000 
3.770000 1.000000 
3.778000 1.000000 
3.786000 1.000000 
3.794000 1.000000 
3.802000 1.000000 
3.810000 1.000000 
3.818000 1.000000 
3.826000 1.000000 
3.834000 1.000000 
3.842000 1.000000 
3.850000 1.000000 
3.858000 1.000000 
3.866000 1.000000 
3.874000 1.000000 
3.882000 1.000000 
3.890000 1.000000 
3.898000 1.000000 
3.906000 1.000000 
3.914000 1.000000 
3.922000 1.000000 
3.930000 1.000000 
3.938000 1.000000 
3.946000 1.000000 
3.954000 1.000000 
3.962000 1.000000 
3.970000 1.000000 
3.978000 1.000000 
3.986000 1.000000 
3.994000 1.000000 
4.002000 1.000000 
4.010000 1.000000 
4.018000 1.000000 
4.026000 1.000000 
4.034000 1.000000 
4.042000 1.000000 
4.050000 1.000000 
4.058000 1.000000 
4.066000 1.000000 
4.074000 1.000000 
4.082000 1.000000 
4.090000 1.000000 
4.098000 1.000000 
4.106000 1.000000 
4.114000 1.000000 
4.122000 1.000000 
4.130000 1.000000 
4.138000 1.000000 
4.146000 1.000000 
4.154000 1.000000 
4.162000 1.000000 
4.170000 1.000000 
4.178000 1.000000 
4.186000 1.000000 
4.194000 1.000000 
4.202000 1.000000 
4.210000 1.000000 
4.218000 1.000000 
4.226000 1.000000 
4.234000 1.000000 
4.242000 1.000000 
4.250000 1.000000 
4.258000 1.000000 
4.266000 1.000000 
4.274000 1.000000 
4.282000 1.000000 
4.290000 1.000000 
4.298000 1.000000 
4.306000 1.000000 
4.314000 1.000000 
4.322000 1.000000 
4.330000 1.000000 
4.338000 1.000000 
4.346000 1.000000 
4.354000 1.000000 
4.362000 1.000000 
4.370000 1.000000 
4.378000 1.000000 
4.386000 1.000000 
4.394000 1.000000 
4.402000 1.000000 
4.410000 1.000000 
4.418000 1.000000 
4.426000 1.000000 
4.434000 1.000000 
4.442000 1.000000 
4.450000 1.000000 
4.458000 1.000000 
4.466000 1.000000 
4.474000 1.000000 
4.482000 1.000000 
4.490000 1.000000 
4.498000 1.000000 
4.506000 1.000000 

