0.114000 0.571429 
0.122000 1.000000 
0.130000 1.000000 
0.138000 1.000000 
0.146000 1.000000 
0.149625 2.206897 
0.154000 1.828571 
0.162000 1.000000 
0.165250 2.461538 
0.170000 1.684211 
0.178000 1.000000 
0.180875 2.782609 
0.186000 1.560976 
0.194000 1.000000 
0.196500 3.200000 
0.202000 1.454545 
0.210000 1.000000 
0.212125 3.764706 
0.218000 1.361702 
0.226000 1.000000 
0.227750 4.571429 
0.234000 1.280000 
0.242000 1.000000 
0.243375 5.818182 
0.250000 1.207547 
0.258000 1.000000 
0.259000 8.000000 
0.266000 1.142857 
0.274000 1.000000 
0.274625 12.800000 
0.282000 1.084746 
0.290000 1.000000 
0.290250 32.000000 
0.298000 1.032258 
0.305875 1.015873 
0.306000 64.000000 
0.314000 1.000000 
0.321500 1.066667 
0.322000 16.000000 
0.330000 1.000000 
0.337125 1.122807 
0.338000 9.142857 
0.346000 1.000000 
0.352750 1.185185 
0.354000 6.400000 
0.362000 1.000000 
0.368375 1.254902 
0.370000 4.923077 
0.378000 1.000000 
0.384000 1.333333 
0.386000 4.000000 
0.394000 1.000000 
0.399625 1.422222 
0.402000 3.368421 
0.410000 1.000000 
0.415250 1.523810 
0.418000 2.909091 
0.426000 1.000000 
0.430875 1.641026 
0.434000 2.560000 
0.442000 1.000000 
0.446500 1.777778 
0.450000 2.285714 
0.458000 1.000000 
0.462125 1.939394 
0.466000 2.064516 
0.474000 1.000000 
0.477750 2.133333 
0.482000 1.882353 
0.490000 1.000000 
0.493375 2.370370 
0.498000 1.729730 
0.506000 1.000000 
0.509000 2.666667 
0.514000 1.600000 
0.522000 1.000000 
0.524625 3.047619 
0.530000 1.488372 
0.538000 1.000000 
0.540250 3.555556 
0.546000 1.391304 
0.554000 1.000000 
0.555875 4.266667 
0.562000 1.306122 
0.570000 1.000000 
0.571500 5.333333 
0.578000 1.230769 
0.586000 1.000000 
0.587125 7.111111 
0.594000 1.163636 
0.602000 1.000000 
0.602750 10.666667 
0.610000 1.103448 
0.618000 1.000000 
0.618375 21.333333 
0.626000 1.049180 
0.634000 1.000000 
0.642000 2.000000 
0.649625 1.049180 
0.650000 21.333333 
0.658000 1.000000 
0.665250 1.103448 
0.666000 10.666667 
0.674000 1.000000 
0.680875 1.163636 
0.682000 7.111111 
0.690000 1.000000 
0.696500 1.230769 
0.698000 5.333333 
0.706000 1.000000 
0.712125 1.306122 
0.714000 4.266667 
0.722000 1.000000 
0.727750 1.391304 
0.730000 3.555556 
0.738000 1.000000 
0.743375 1.488372 
0.746000 3.047619 
0.754000 1.000000 
0.759000 1.600000 
0.762000 2.666667 
0.770000 1.000000 
0.774625 1.729730 
0.778000 2.370370 
0.786000 1.000000 
0.790250 1.882353 
0.794000 2.133333 
0.802000 1.000000 
0.805875 2.064516 
0.810000 1.939394 
0.818000 1.000000 
0.821500 2.285714 
0.826000 1.777778 
0.834000 1.000000 
0.837125 2.560000 
0.842000 1.641026 
0.850000 1.000000 
0.852750 2.909091 
0.858000 1.523810 
0.866000 1.000000 
0.868375 3.368421 
0.874000 1.422222 
0.882000 1.000000 
0.884000 4.000000 
0.890000 1.333333 
0.898000 1.000000 
0.899625 4.923077 
0.906000 1.254902 
0.914000 1.000000 
0.915250 6.400000 
0.922000 1.185185 
0.930000 1.000000 
0.930875 9.142857 
0.938000 1.122807 
0.946000 1.000000 
0.946500 16.000000 
0.954000 1.066667 
0.962000 1.000000 
0.962125 64.000000 
0.970000 1.015873 
0.977750 1.032258 
0.978000 32.000000 
0.986000 1.000000 
0.993375 1.084746 
0.994000 12.800000 
1.002000 1.000000 
1.009000 1.142857 
1.010000 8.000000 
1.018000 1.000000 
1.024625 1.207547 
1.026000 5.818182 
1.034000 1.000000 
1.040250 1.280000 
1.042000 4.571429 
1.050000 1.000000 
1.055875 1.361702 
1.058000 3.764706 
1.066000 1.000000 
1.071500 1.454545 
1.074000 3.200000 
1.082000 1.000000 
1.087125 1.560976 
1.090000 2.782609 
1.098000 1.000000 
1.102750 1.684211 
1.106000 2.461538 
1.114000 1.000000 
1.118375 1.828571 
1.122000 2.206897 
1.130000 1.000000 
1.134000 2.000000 
1.138000 2.000000 
1.146000 1.000000 
1.149625 2.206897 
1.154000 1.828571 
1.162000 1.000000 
1.165250 2.461538 
1.170000 1.684211 
1.178000 1.000000 
1.180875 2.782609 
1.186000 1.560976 
1.194000 1.000000 
1.196500 3.200000 
1.202000 1.454545 
1.210000 1.000000 
1.212125 3.764706 
1.218000 1.361702 
1.226000 1.000000 
1.227750 4.571429 
1.234000 1.280000 
1.242000 1.000000 
1.243375 5.818182 
1.250000 1.207547 
1.258000 1.000000 
1.259000 8.000000 
1.266000 1.142857 
1.274000 1.000000 
1.274625 12.800000 
1.282000 1.084746 
1.290000 1.000000 
1.290250 32.000000 
1.298000 1.032258 
1.305875 1.015873 
1.306000 64.000000 
1.314000 1.000000 
1.321500 1.066667 
1.322000 16.000000 
1.330000 1.000000 
1.337125 1.122807 
1.338000 9.142857 
1.346000 1.000000 
1.352750 1.185185 
1.354000 6.400000 
1.362000 1.000000 
1.368375 1.254902 
1.370000 4.923077 
1.378000 1.000000 
1.384000 1.333333 
1.386000 4.000000 
1.394000 1.000000 
1.399625 1.422222 
1.402000 3.368421 
1.410000 1.000000 
1.415250 1.523810 
1.418000 2.909091 
1.426000 1.000000 
1.430875 1.641026 
1.434000 2.560000 
1.442000 1.000000 
1.446500 1.777778 
1.450000 2.285714 
1.458000 1.000000 
1.462125 1.939394 
1.466000 2.064516 
1.474000 1.000000 
1.477750 2.133333 
1.482000 1.882353 
1.490000 1.000000 
1.493375 2.370370 
1.498000 1.729730 
1.506000 1.000000 
1.509000 2.666667 
1.514000 1.600000 
1.522000 1.000000 
1.524625 3.047619 
1.530000 1.488372 
1.538000 1.000000 
1.540250 3.555556 
1.546000 1.391304 
1.554000 1.000000 
1.555875 4.266667 
1.562000 1.306122 
1.570000 1.000000 
1.571500 5.333333 
1.578000 1.230769 
1.586000 1.000000 
1.587125 7.111111 
1.594000 1.163636 
1.602000 1.000000 
1.602750 10.666667 
1.610000 1.103448 
1.618000 1.000000 
1.618375 21.333333 
1.626000 1.049180 
1.634000 1.000000 
1.642000 2.000000 
1.649625 1.049180 
1.650000 21.333333 
1.658000 1.000000 
1.665250 1.103448 
1.666000 10.666667 
1.674000 1.000000 
1.680875 1.163636 
1.682000 7.111111 
1.690000 1.000000 
1.696500 1.230769 
1.698000 5.333333 
1.706000 1.000000 
1.712125 1.306122 
1.714000 4.266667 
1.722000 1.000000 
1.727750 1.391304 
1.730000 3.555556 
1.738000 1.000000 
1.743375 1.488372 
1.746000 3.047619 
1.754000 1.000000 
1.759000 1.600000 
1.762000 2.666667 
1.770000 1.000000 
1.774625 1.729730 
1.778000 2.370370 
1.786000 1.000000 
1.790250 1.882353 
1.794000 2.133333 
1.802000 1.000000 
1.805875 2.064516 
1.810000 1.939394 
1.818000 1.000000 
1.821500 2.285714 
1.826000 1.777778 
1.834000 1.000000 
1.837125 2.560000 
1.842000 1.641026 
1.850000 1.000000 
1.852750 2.909091 
1.858000 1.523810 
1.866000 1.000000 
1.868375 3.368421 
1.874000 1.422222 
1.882000 1.000000 
1.884000 4.000000 
1.890000 1.333333 
1.898000 1.000000 
1.899625 4.923077 
1.906000 1.254902 
1.914000 1.000000 
1.915250 6.400000 
1.922000 1.185185 
1.930000 1.000000 
1.930875 9.142857 
1.938000 1.122807 
1.946000 1.000000 
1.946500 16.000000 
1.954000 1.066667 
1.962000 1.000000 
1.962125 64.000000 
1.970000 1.015873 
1.977750 1.032258 
1.978000 32.000000 
1.986000 1.000000 
1.993375 1.084746 
1.994000 12.800000 
2.002000 1.000000 
2.009000 1.142857 
2.010000 8.000000 
2.018000 1.000000 
2.024625 1.207547 
2.026000 5.818182 
2.034000 1.000000 
2.040250 1.280000 
2.042000 4.571429 
2.050000 1.000000 
2.055875 1.361702 
2.058000 3.764706 
2.066000 1.000000 
2.071500 1.454545 
2.074000 3.200000 
2.082000 1.000000 
2.087125 1.560976 
2.090000 2.782609 
2.098000 1.000000 
2.102750 1.684211 
2.106000 2.461538 
2.114000 1.000000 
2.118375 1.828571 
2.122000 2.206897 
2.130000 1.000000 
2.134000 2.000000 
2.138000 2.000000 
2.146000 1.000000 
2.149625 2.206897 
2.154000 1.828571 
2.162000 1.000000 
2.165250 2.461538 
2.170000 1.684211 
2.178000 1.000000 
2.180875 2.782609 
2.186000 1.560976 
2.194000 1.000000 
2.196500 3.200000 
2.202000 1.454545 
2.210000 1.000000 
2.212125 3.764706 
2.218000 1.361702 
2.226000 1.000000 
2.227750 4.571429 
2.234000 1.280000 
2.242000 1.000000 
2.243375 5.818182 
2.250000 1.207547 
2.258000 1.000000 
2.259000 8.000000 
2.266000 1.142857 
2.274000 1.000000 
2.274625 12.800000 
2.282000 1.084746 
2.290000 1.000000 
2.290250 32.000000 
2.298000 1.032258 
2.305875 1.015873 
2.306000 64.000000 
2.314000 1.000000 
2.321500 1.066667 
2.322000 16.000000 
2.330000 1.000000 
2.337125 1.122807 
2.338000 9.142857 
2.346000 1.000000 
2.352750 1.185185 
2.354000 6.400000 
2.362000 1.000000 
2.368375 1.254902 
2.370000 4.923077 
2.378000 1.000000 
2.384000 1.333333 
2.386000 4.000000 
2.394000 1.000000 
2.399625 1.422222 
2.402000 3.368421 
2.410000 1.000000 
2.415250 1.523810 
2.418000 2.909091 
2.426000 1.000000 
2.430875 1.641026 
2.434000 2.560000 
2.442000 1.000000 
2.446500 1.777778 
2.450000 2.285714 
2.458000 1.000000 
2.462125 1.939394 
2.466000 2.064516 
2.474000 1.000000 
2.477750 2.133333 
2.482000 1.882353 
2.490000 1.000000 
2.493375 2.370370 
2.498000 1.729730 
2.506000 1.000000 
2.509000 2.666667 
2.514000 1.600000 
2.522000 1.000000 
2.524625 3.047619 
2.530000 1.488372 
2.538000 1.000000 
2.540250 3.555556 
2.546000 1.391304 
2.554000 1.000000 
2.555875 4.266667 
2.562000 1.306122 
2.570000 1.000000 
2.571500 5.333333 
2.578000 1.230769 
2.586000 1.000000 
2.587125 7.111111 
2.594000 1.163636 
2.602000 1.000000 
2.602750 10.666667 
2.610000 1.103448 
2.618000 1.000000 
2.618375 21.333333 
2.626000 1.049180 
2.634000 1.000000 
2.642000 2.000000 
2.649625 1.049180 
2.650000 21.333333 
2.658000 1.000000 
2.665250 1.103448 
2.666000 10.666667 
2.674000 1.000000 
2.680875 1.163636 
2.682000 7.111111 
2.690000 1.000000 
2.696500 1.230769 
2.698000 5.333333 
2.706000 1.000000 
2.712125 1.306122 
2.714000 4.266667 
2.722000 1.000000 
2.727750 1.391304 
2.730000 3.555556 
2.738000 1.000000 
2.743375 1.488372 
2.746000 3.047619 
2.754000 1.000000 
2.759000 1.600000 
2.762000 2.666667 
2.770000 1.000000 
2.774625 1.729730 
2.778000 2.370370 
2.786000 1.000000 
2.790250 1.882353 
2.794000 2.133333 
2.802000 1.000000 
2.805875 2.064516 
2.810000 1.939394 
2.818000 1.000000 
2.821500 2.285714 
2.826000 1.777778 
2.834000 1.000000 
2.837125 2.560000 
2.842000 1.641026 
2.850000 1.000000 
2.852750 2.909091 
2.858000 1.523810 
2.866000 1.000000 
2.868375 3.368421 
2.874000 1.422222 
2.882000 1.000000 
2.884000 4.000000 
2.890000 1.333333 
2.898000 1.000000 
2.899625 4.923077 
2.906000 1.254902 
2.914000 1.000000 
2.915250 6.400000 
2.922000 1.185185 
2.930000 1.000000 
2.930875 9.142857 
2.938000 1.122807 
2.946000 1.000000 
2.946500 16.000000 
2.954000 1.066667 
2.962000 1.000000 
2.962125 64.000000 
2.970000 1.015873 
2.977750 1.032258 
2.978000 32.000000 
2.986000 1.000000 
2.993375 1.084746 
2.994000 12.800000 
3.002000 1.000000 
3.009000 1.142857 
3.010000 8.000000 
3.018000 1.000000 
3.024625 1.207547 
3.026000 5.818182 
3.034000 1.000000 
3.040250 1.280000 
3.042000 4.571429 
3.050000 1.000000 
3.055875 1.361702 
3.058000 3.764706 
3.066000 1.000000 
3.071500 1.454545 
3.074000 3.200000 
3.082000 1.000000 
3.087125 1.560976 
3.090000 2.782609 
3.098000 1.000000 
3.102750 1.684211 
3.106000 2.461538 
3.114000 1.000000 
3.118375 1.828571 
3.122000 2.206897 
3.130000 1.000000 
3.134000 2.000000 
3.138000 2.000000 
3.146000 1.000000 
3.149625 2.206897 
3.154000 1.828571 
3.162000 1.000000 
3.165250 2.461538 
3.170000 1.684211 
3.178000 1.000000 
3.180875 2.782609 
3.186000 1.560976 
3.194000 1.000000 
3.196500 3.200000 
3.202000 1.454545 
3.210000 1.000000 
3.212125 3.764706 
3.218000 1.361702 
3.226000 1.000000 
3.227750 4.571429 
3.234000 1.280000 
3.242000 1.000000 
3.243375 5.818182 
3.250000 1.207547 
3.258000 1.000000 
3.259000 8.000000 
3.266000 1.142857 
3.274000 1.000000 
3.274625 12.800000 
3.282000 1.084746 
3.290000 1.000000 
3.290250 32.000000 
3.298000 1.032258 
3.305875 1.015873 
3.306000 64.000000 
3.314000 1.000000 
3.321500 1.066667 
3.322000 16.000000 
3.330000 1.000000 
3.337125 1.122807 
3.338000 9.142857 
3.346000 1.000000 
3.352750 1.185185 
3.354000 6.400000 
3.362000 1.000000 
3.368375 1.254902 
3.370000 4.923077 
3.378000 1.000000 
3.384000 1.333333 
3.386000 4.000000 
3.394000 1.000000 
3.399625 1.422222 
3.402000 3.368421 
3.410000 1.000000 
3.415250 1.523810 
3.418000 2.909091 
3.426000 1.000000 
3.430875 1.641026 
3.434000 2.560000 
3.442000 1.000000 
3.446500 1.777778 
3.450000 2.285714 
3.458000 1.000000 
3.462125 1.939394 
3.466000 2.064516 
3.474000 1.000000 
3.477750 2.133333 
3.482000 1.882353 
3.490000 1.000000 
3.493375 2.370370 
3.498000 1.729730 
3.506000 1.000000 
3.509000 2.666667 
3.514000 1.600000 
3.522000 1.000000 
3.524625 3.047619 
3.530000 1.488372 
3.538000 1.000000 
3.540250 3.555556 
3.546000 1.391304 
3.554000 1.000000 
3.555875 4.266667 
3.562000 1.306122 
3.570000 1.000000 
3.571500 5.333333 
3.578000 1.230769 
3.586000 1.000000 
3.587125 7.111111 
3.594000 1.163636 
3.602000 1.000000 
3.602750 10.666667 
3.610000 1.103448 
3.618000 1.000000 
3.618375 21.333333 
3.626000 1.049180 
3.634000 1.000000 
3.642000 2.000000 
3.649625 1.049180 
3.650000 21.333333 
3.658000 1.000000 
3.665250 1.103448 
3.666000 10.666667 
3.674000 1.000000 
3.680875 1.163636 
3.682000 7.111111 
3.690000 1.000000 
3.696500 1.230769 
3.698000 5.333333 
3.706000 1.000000 
3.712125 1.306122 
3.714000 4.266667 
3.722000 1.000000 
3.727750 1.391304 
3.730000 3.555556 
3.738000 1.000000 
3.743375 1.488372 
3.746000 3.047619 
3.754000 1.000000 
3.759000 1.600000 
3.762000 2.666667 
3.770000 1.000000 
3.774625 1.729730 
3.778000 2.370370 
3.786000 1.000000 
3.790250 1.882353 
3.794000 2.133333 
3.802000 1.000000 
3.805875 2.064516 
3.810000 1.939394 
3.818000 1.000000 
3.821500 2.285714 
3.826000 1.777778 
3.834000 1.000000 
3.837125 2.560000 
3.842000 1.641026 
3.850000 1.000000 
3.852750 2.909091 
3.858000 1.523810 
3.866000 1.000000 
3.868375 3.368421 
3.874000 1.422222 
3.882000 1.000000 
3.884000 4.000000 
3.890000 1.333333 
3.898000 1.000000 
3.899625 4.923077 
3.906000 1.254902 
3.914000 1.000000 
3.915250 6.400000 
3.922000 1.185185 
3.930000 1.000000 
3.930875 9.142857 
3.938000 1.122807 
3.946000 1.000000 
3.946500 16.000000 
3.954000 1.066667 
3.962000 1.000000 
3.962125 64.000000 
3.970000 1.015873 
3.977750 1.032258 
3.978000 32.000000 
3.986000 1.000000 
3.993375 1.084746 
3.994000 12.800000 
4.002000 1.000000 
4.009000 1.142857 
4.010000 8.000000 
4.018000 1.000000 
4.024625 1.207547 
4.026000 5.818182 
4.034000 1.000000 
4.040250 1.280000 
4.042000 4.571429 
4.050000 1.000000 
4.055875 1.361702 
4.058000 3.764706 
4.066000 1.000000 
4.071500 1.454545 
4.074000 3.200000 
4.082000 1.000000 
4.087125 1.560976 
4.090000 2.782609 
4.098000 1.000000 
4.102750 1.684211 
4.106000 2.461538 
4.114000 1.000000 
4.118375 1.828571 
4.122000 2.206897 
4.130000 1.000000 
4.134000 2.000000 
4.138000 2.000000 
4.146000 1.000000 
4.149625 2.206897 
4.154000 1.828571 
4.162000 1.000000 
4.165250 2.461538 
4.170000 1.684211 
4.178000 1.000000 
4.180875 2.782609 
4.186000 1.560976 
4.194000 1.000000 
4.196500 3.200000 
4.202000 1.454545 
4.210000 1.000000 
4.212125 3.764706 
4.218000 1.361702 
4.226000 1.000000 
4.227750 4.571429 
4.234000 1.280000 
4.242000 1.000000 
4.243375 5.818182 
4.250000 1.207547 
4.258000 1.000000 
4.259000 8.000000 
4.266000 1.142857 
4.274000 1.000000 
4.274625 12.800000 
4.282000 1.084746 
4.290000 1.000000 
4.290250 32.000000 
4.298000 1.032258 
4.305875 1.015873 
4.306000 64.000000 
4.314000 1.000000 
4.321500 1.066667 
4.322000 16.000000 
4.330000 1.000000 
4.337125 1.122807 
4.338000 9.142857 
4.346000 1.000000 
4.352750 1.185185 
4.354000 6.400000 
4.362000 1.000000 
4.368375 1.254902 
4.370000 4.923077 
4.378000 1.000000 
4.384000 1.333333 
4.386000 4.000000 
4.394000 1.000000 
4.399625 1.422222 
4.402000 3.368421 
4.410000 1.000000 
4.415250 1.523810 
4.418000 2.909091 
4.426000 1.000000 
4.430875 1.641026 
4.434000 2.560000 
4.442000 1.000000 
4.446500 1.777778 
4.450000 2.285714 
4.458000 1.000000 
4.462125 1.939394 
4.466000 2.064516 
4.474000 1.000000 
4.477750 2.133333 
4.482000 1.882353 
4.490000 1.000000 
4.493375 2.370370 
4.498000 1.729730 
4.506000 1.000000 
4.509000 2.666667 
4.524625 0.512000 
4.540250 0.512000 
4.555875 0.512000 
4.571500 0.512000 
4.587125 0.512000 
4.602750 0.512000 
4.618375 0.512000 
4.634000 0.512000 
4.649625 0.512000 
4.665250 0.512000 
4.680875 0.512000 

